5000731.264943 0.000000 0.000000 0.000000
5000731.284127 0.000000 0.000000 0.000000
5000731.304286 0.000000 0.000000 0.000000
5000731.324391 0.000000 0.000000 0.000000
5000731.344595 0.000000 0.000000 0.000000
5000731.364724 0.000000 0.000000 0.000000
5000731.383930 0.000000 0.000000 0.000000
5000731.404104 0.000000 0.000000 0.000000
5000731.424244 0.000000 0.000000 0.000000
5000731.444394 0.000000 0.000000 0.000000
5000731.464517 0.000000 0.000000 0.000000
5000731.484693 0.000000 0.000000 0.000000
5000731.504877 0.000000 0.000000 0.000000
5000731.523988 0.000000 0.000000 0.000000
5000731.544163 0.000000 0.000000 0.000000
5000731.564299 0.000000 0.000000 0.000000
5000731.584445 0.000000 0.000000 0.000000
5000731.604680 0.000000 0.000000 0.000000
5000731.624858 0.000000 0.000000 0.000000
5000731.644055 0.000000 0.000000 0.000000
5000731.664143 0.000000 0.000000 0.000000
5000731.684311 0.000000 0.000000 0.000000
5000731.704430 0.000000 0.000000 0.000000
5000731.724794 0.000000 0.000000 0.000000
5000731.744881 0.000000 0.000000 0.000000
5000731.764019 0.000000 0.000000 0.000000
5000731.784177 0.000000 0.000000 0.000000
5000731.804348 0.000000 0.000000 0.000000
5000731.824479 0.000000 0.000000 0.000000
5000731.844619 0.000000 0.000000 0.000000
5000731.864776 0.000000 0.000000 0.000000
5000731.883861 0.000000 0.000000 0.000000
5000731.904098 0.000000 0.000000 0.000000
5000731.924239 0.000000 0.000000 0.000000
5000731.944530 0.000000 0.000000 0.000000
5000731.964653 0.000000 0.000000 0.000000
5000731.984760 0.000000 0.000000 0.000000
5000732.003844 0.000000 0.000000 0.000000
5000732.024043 0.000000 0.000000 0.000000
5000732.044250 0.000000 0.000000 0.000000
5000732.064431 0.000000 0.000000 0.000000
5000732.084511 0.000000 0.000000 0.000000
5000732.104719 0.000000 0.000000 0.000000
5000732.124862 0.000000 0.000000 0.000000
5000732.143978 0.000000 0.000000 0.000000
5000732.164120 0.000000 0.000000 0.000000
5000732.184268 0.000000 0.000000 0.000000
5000732.204477 0.000000 0.000000 0.000000
5000732.224507 0.000000 0.000000 0.000000
5000732.244679 0.000000 0.000000 0.000000
5000732.264806 0.000000 0.000000 0.000000
5000732.283996 0.000000 0.000000 0.000000
5000732.304151 0.000000 0.000000 0.000000
5000732.324397 0.000000 0.000000 0.000000
5000732.344538 0.000000 0.000000 0.000000
5000732.364780 0.000000 0.000000 0.000000
5000732.383799 0.000000 0.000000 0.000000
5000732.404027 0.000000 0.000000 0.000000
5000732.424090 0.000000 0.000000 0.000000
5000732.444220 0.000000 0.000000 0.000000
5000732.464399 0.000000 0.000000 0.000000
5000732.484566 0.000000 0.000000 0.000000
5000732.504741 0.000000 0.000000 0.000000
5000732.523955 0.000000 0.000000 0.000000
5000732.544028 0.000000 0.000000 0.000000
5000732.564266 0.000000 0.000000 0.000000
5000732.584359 0.000000 0.000000 0.000000
5000732.604585 0.000000 0.000000 0.000000
5000732.624622 0.000000 0.000000 0.000000
5000732.644775 0.000000 0.000000 0.000000
5000732.663903 0.000000 0.000000 0.000000
5000732.684190 0.000000 0.000000 0.000000
5000732.704288 0.000000 0.000000 0.000000
5000732.724485 0.000000 0.000000 0.000000
5000732.744639 0.000000 0.000000 0.000000
5000732.764762 0.000000 0.000000 0.000000
5000732.783893 0.000000 0.000000 0.000000
5000732.804373 0.000000 0.000000 0.000000
5000732.824402 0.000000 0.000000 0.000000
5000732.844534 0.000000 0.000000 0.000000
5000732.864737 0.000000 0.000000 0.000000
5000732.884857 0.000000 0.000000 0.000000
5000732.904161 0.000000 0.000000 0.000000
5000732.924327 0.000000 0.000000 0.000000
5000732.944611 0.000000 0.000000 0.000000
5000732.964695 0.000000 0.000000 0.000000
5000732.983854 0.000000 0.000000 0.000000
5000733.004010 0.000000 0.000000 0.000000
5000733.024145 0.000000 0.000000 0.000000
5000733.044343 0.000000 0.000000 0.000000
5000733.064456 0.000000 0.000000 0.000000
5000733.084590 0.000000 0.000000 0.000000
5000733.104772 0.000000 0.000000 0.000000
5000733.123912 0.000000 0.000000 0.000000
5000733.144149 0.000000 0.000000 0.000000
5000733.164256 0.000000 0.000000 0.000000
5000733.184380 0.000000 0.000000 0.000000
5000733.204579 0.000000 0.000000 0.000000
5000733.224680 0.000000 0.000000 0.000000
5000733.244805 0.000000 0.000000 0.000000
5000733.264019 0.000000 0.000000 0.000000
5000733.284144 0.000000 0.000000 0.000000
5000733.304324 0.000000 0.000000 0.000000
5000733.324457 0.000000 0.000000 0.000000
5000733.344671 0.000000 0.000000 0.000000
5000733.364787 0.000000 0.000000 0.000000
5000733.383909 0.000000 0.000000 0.000000
5000733.404126 0.000000 0.000000 0.000000
5000733.424300 0.000000 0.000000 0.000000
5000733.444450 0.000000 0.000000 0.000000
5000733.464653 0.000000 0.000000 0.000000
5000733.484813 0.000000 0.000000 0.000000
5000733.503831 0.000000 0.000000 0.000000
5000733.524118 0.000000 0.000000 0.000000
5000733.544204 0.000000 0.000000 0.000000
5000733.564329 0.000000 0.000000 0.000000
5000733.584493 0.000000 0.000000 0.000000
5000733.604585 0.000000 0.000000 0.000000
5000733.624888 0.000000 0.000000 0.000000
5000733.643906 0.000000 0.000000 0.000000
5000733.664050 0.000000 0.000000 0.000000
5000733.684160 0.000000 0.000000 0.000000
5000733.704355 0.000000 0.000000 0.000000
5000733.724500 0.000000 0.000000 0.000000
5000733.744668 0.000000 0.000000 0.000000
5000733.764895 0.000000 0.000000 0.000000
5000733.783991 0.000000 0.000000 0.000000
5000733.804251 0.000000 0.000000 0.000000
5000733.824415 0.000000 0.000000 0.000000
5000733.844536 0.000000 0.000000 0.000000
5000733.864774 0.000000 0.000000 0.000000
5000733.883853 0.000000 0.000000 0.000000
5000733.904034 0.000000 0.000000 0.000000
5000733.924123 0.000000 0.000000 0.000000
5000733.944282 0.000000 0.000000 0.000000
5000733.964475 0.000000 0.000000 0.000000
5000733.984707 0.000000 0.000000 0.000000
5000734.004936 0.000000 0.000000 0.000000
5000734.024146 0.000000 0.000000 0.000000
5000734.044386 0.000000 0.000000 0.000000
5000734.064572 0.000000 0.000000 0.000000
5000734.084632 0.000000 0.000000 0.000000
5000734.104901 0.000000 0.000000 0.000000
5000734.123993 0.000000 0.000000 0.000000
5000734.144167 0.000000 0.000000 0.000000
5000734.164304 0.000000 0.000000 0.000000
5000734.184449 0.000000 0.000000 0.000000
5000734.204620 0.000000 0.000000 0.000000
5000734.224735 0.000000 0.000000 0.000000
5000734.243799 0.000000 0.000000 0.000000
5000734.264131 0.000000 0.000000 0.000000
5000734.284243 0.000000 0.000000 0.000000
5000734.304391 0.000000 0.000000 0.000000
5000734.324507 0.000000 0.000000 0.000000
5000734.344679 0.000000 0.000000 0.000000
5000734.364822 0.000000 0.000000 0.000000
5000734.384026 0.000000 0.000000 0.000000
5000734.404180 0.000000 0.000000 0.000000
5000734.424462 0.000000 0.000000 0.000000
5000734.444601 0.000000 0.000000 0.000000
5000734.464733 0.000000 0.000000 0.000000
5000734.484887 0.000000 0.000000 0.000000
5000734.503995 0.000000 0.000000 0.000000
5000734.524162 0.000000 0.000000 0.000000
5000734.544301 0.000000 0.000000 0.000000
5000734.564469 0.000000 0.000000 0.000000
5000734.584682 0.000000 0.000000 0.000000
5000734.604779 0.000000 0.000000 0.000000
5000734.623900 0.000000 0.000000 0.000000
5000734.644014 0.000000 0.000000 0.000000
5000734.664193 0.000000 0.000000 0.000000
5000734.684441 0.000000 0.000000 0.000000
5000734.704612 0.000000 0.000000 0.000000
5000734.724748 0.000000 0.000000 0.000000
5000734.743852 0.000000 0.000000 0.000000
5000734.764050 0.000000 0.000000 0.000000
5000734.784145 0.000000 0.000000 0.000000
5000734.804296 0.000000 0.000000 0.000000
5000734.824450 0.000000 0.000000 0.000000
5000734.844634 0.000000 0.000000 0.000000
5000734.864750 0.000000 0.000000 0.000000
5000734.883911 0.000000 0.000000 0.000000
5000734.904111 0.000000 0.000000 0.000000
5000734.924262 0.000000 0.000000 0.000000
5000734.944418 0.000000 0.000000 0.000000
5000734.964791 0.000000 0.000000 0.000000
5000734.983812 0.000000 0.000000 0.000000
5000735.003958 0.000000 0.000000 0.000000
5000735.024143 0.000000 0.000000 0.000000
5000735.044318 0.000000 0.000000 0.000000
5000735.064448 0.000000 0.000000 0.000000
5000735.084682 0.000000 0.000000 0.000000
5000735.104858 0.000000 0.000000 0.000000
5000735.123957 0.000000 0.000000 0.000000
5000735.144093 0.000000 0.000000 0.000000
5000735.164316 0.000000 0.000000 0.000000
5000735.184436 0.000000 0.000000 0.000000
5000735.204628 0.000000 0.000000 0.000000
5000735.224771 0.000000 0.000000 0.000000
5000735.243807 0.000000 0.000000 0.000000
5000735.263942 0.000000 0.000000 0.000000
5000735.284138 0.000000 0.000000 0.000000
5000735.304289 0.000000 0.000000 0.000000
5000735.324448 0.000000 0.000000 0.000000
5000735.344688 0.000000 0.000000 0.000000
5000735.364807 0.000000 0.000000 0.000000
5000735.383946 0.000000 0.000000 0.000000
5000735.404158 0.000000 0.000000 0.000000
5000735.424320 0.000000 0.000000 0.000000
5000735.444480 0.000000 0.000000 0.000000
5000735.464667 0.000000 0.000000 0.000000
5000735.484840 0.000000 0.000000 0.000000
5000735.504043 0.000000 0.000000 0.000000
5000735.524147 0.000000 0.000000 0.000000
5000735.544325 0.000000 0.000000 0.000000
5000735.564470 0.000000 0.000000 0.000000
5000735.584699 0.000000 0.000000 0.000000
5000735.604840 0.000000 0.000000 0.000000
5000735.623955 0.000000 0.000000 0.000000
5000735.644090 0.000000 0.000000 0.000000
5000735.664253 0.000000 0.000000 0.000000
5000735.684392 0.000000 0.000000 0.000000
5000735.704568 0.000000 0.000000 0.000000
5000735.724805 0.000000 0.000000 0.000000
5000735.743938 0.000000 0.000000 0.000000
5000735.764075 0.000000 0.000000 0.000000
5000735.784278 0.000000 0.000000 0.000000
5000735.804344 0.000000 0.000000 0.000000
5000735.824528 0.000000 0.000000 0.000000
5000735.844736 0.000000 0.000000 0.000000
5000735.864816 0.000000 0.000000 0.000000
5000735.883992 0.000000 0.000000 0.000000
5000735.904140 0.000000 0.000000 0.000000
5000735.924270 0.000000 0.000000 0.000000
5000735.944423 0.000000 0.000000 0.000000
5000735.964598 0.000000 0.000000 0.000000
5000735.984701 0.000000 0.000000 0.000000
5000736.004832 0.000000 0.000000 0.000000
5000736.023936 0.000000 0.000000 0.000000
5000736.044095 0.000000 0.000000 0.000000
5000736.064321 0.000000 0.000000 0.000000
5000736.084466 0.000000 0.000000 0.000000
5000736.104544 0.000000 0.000000 0.000000
5000736.124632 0.000000 0.000000 0.000000
5000736.144933 0.000000 0.000000 0.000000
5000736.163954 0.000000 0.000000 0.000000
5000736.184156 0.000000 0.000000 0.000000
5000736.204269 0.000000 0.000000 0.000000
5000736.224398 0.000000 0.000000 0.000000
5000736.244622 0.000000 0.000000 0.000000
5000736.264784 0.000000 0.000000 0.000000
5000736.283923 0.000000 0.000000 0.000000
5000736.304109 0.000000 0.000000 0.000000
5000736.324235 0.000000 0.000000 0.000000
5000736.344433 0.000000 0.000000 0.000000
5000736.364580 0.000000 0.000000 0.000000
5000736.384808 0.000000 0.000000 0.000000
5000736.403939 0.000000 0.000000 0.000000
5000736.424091 0.000000 0.000000 0.000000
5000736.444234 0.000000 0.000000 0.000000
5000736.464429 0.000000 0.000000 201.499466
5000736.484531 0.000000 0.000000 402.507782
5000736.504652 0.000000 0.000000 604.188477
5000736.524788 0.000000 0.000000 805.652161
5000736.543926 0.000000 0.000000 997.066528
5000736.564058 0.000000 0.000000 1198.458740
5000736.584214 0.000000 0.000000 1399.793701
5000736.604367 0.000000 0.000000 1601.314575
5000736.624507 0.000000 0.000000 1802.868896
5000736.644676 0.000000 0.000000 2004.413696
5000736.664867 0.000000 0.000000 2206.294678
5000736.684082 0.000000 0.000000 2398.309814
5000736.704177 0.000000 0.000000 2599.706787
5000736.724389 0.000000 0.000000 2801.752197
5000736.744609 0.000000 0.000000 3003.633057
5000736.764773 0.000000 0.000000 3205.201660
5000736.783850 0.000000 0.000000 3396.236816
5000736.804058 0.000000 0.000000 3597.812500
5000736.824221 0.000000 0.000000 3799.378662
5000736.844349 0.000000 0.000000 4001.083252
5000736.864596 0.000000 0.000000 4202.987793
5000736.884697 0.000000 0.000000 4404.759277
5000736.904837 0.000000 0.000000 4606.196777
5000736.923985 0.000000 0.000000 4797.644531
5000736.944169 0.000000 0.000000 4999.155762
5000736.964297 0.000000 0.000000 5200.714844
5000736.984453 0.000000 0.000000 5402.450195
5000737.004625 0.000000 0.000000 5603.861328
5000737.024752 0.000000 0.000000 5805.329590
5000737.043855 0.000000 0.000000 5996.200195
5000737.064036 0.000000 0.000000 6197.780762
5000737.084249 0.000000 0.000000 6399.914551
5000737.104453 0.000000 0.000000 6601.359375
5000737.124554 0.000000 0.000000 6802.734863
5000737.144714 0.000000 0.000000 7004.410645
5000737.164911 0.000000 0.000000 7206.446777
5000737.184056 0.000000 0.000000 7398.397461
5000737.204228 0.000000 0.000000 7599.963867
5000737.224390 0.000000 0.000000 7801.687500
5000737.244643 0.000000 0.000000 8003.430176
5000737.264801 0.000000 0.000000 8205.170898
5000737.283966 0.000000 0.000000 8397.305664
5000737.304094 0.000000 0.000000 8598.678711
5000737.324226 0.000000 0.000000 8800.051758
5000737.344378 0.000000 0.000000 9001.563477
5000737.364549 0.000000 0.000000 9202.958008
5000737.384692 0.000000 0.000000 9404.435547
5000737.404965 0.000000 0.000000 9606.309570
5000737.424020 0.000000 0.000000 9797.826172
5000737.444173 0.000000 0.000000 9999.249023
5000737.464301 0.000000 0.000000 10200.817383
5000737.484489 0.000000 0.000000 10402.256836
5000737.504656 0.000000 0.000000 10604.168945
5000737.524880 0.000000 0.000000 10805.961914
5000737.544067 0.000000 0.000000 10998.110352
5000737.564267 0.000000 0.000000 11200.203125
5000737.584455 0.000000 0.000000 11401.969727
5000737.604705 0.000000 0.000000 11603.850586
5000737.624984 0.000000 0.000000 11806.120117
5000737.644180 0.000000 0.000000 11999.029297
5000737.664323 0.000000 0.000000 12201.158203
5000737.684489 0.000000 0.000000 12402.698242
5000737.704645 0.000000 0.000000 12604.147461
5000737.724837 0.000000 0.000000 12805.618164
5000737.744050 0.000000 0.000000 12997.716797
5000737.764205 0.000000 0.000000 13199.536133
5000737.784379 0.000000 0.000000 13401.655273
5000737.804545 0.000000 0.000000 13603.218750
5000737.824681 0.000000 0.000000 13804.580078
5000737.844825 0.000000 0.000000 14005.979492
5000737.864135 0.000000 0.000000 14197.909180
5000737.884208 0.000000 0.000000 14399.961914
5000737.904418 0.000000 0.000000 14601.573242
5000737.924591 0.000000 0.000000 14803.311523
5000737.944749 0.000000 0.000000 15004.904297
5000737.963875 0.000000 0.000000 15196.369141
5000737.984094 0.000000 0.000000 15398.083008
5000738.004201 0.000000 0.000000 15599.472656
5000738.024328 0.000000 0.000000 15800.898438
5000738.044648 0.000000 0.000000 16003.217773
5000738.064845 0.000000 0.000000 16205.685547
5000738.084010 0.000000 0.000000 16397.691406
5000738.104241 0.000000 0.000000 16599.759766
5000738.124434 0.000000 0.000000 16801.880859
5000738.144571 0.000000 0.000000 17003.404297
5000738.164799 0.000000 0.000000 17204.925781
5000738.183949 0.000000 0.000000 17396.562500
5000738.204116 0.000000 0.000000 17598.853516
5000738.224257 0.000000 0.000000 17800.277344
5000738.244399 0.000000 0.000000 18001.777344
5000738.264608 0.000000 0.000000 18202.914062
5000738.284724 0.000000 0.000000 18404.873047
5000738.303991 0.000000 0.000000 18596.621094
5000738.324158 0.000000 0.000000 18798.781250
5000738.344305 0.000000 0.000000 19000.800781
5000738.364598 0.000000 0.000000 19202.494141
5000738.384692 0.000000 0.000000 19404.154297
5000738.404853 0.000000 0.000000 19606.060547
5000738.424127 0.000000 0.000000 19798.177734
5000738.444188 0.000000 0.000000 19999.691406
5000738.464321 0.000000 0.000000 20201.041016
5000738.484492 0.000000 0.000000 20402.445312
5000738.504796 0.000000 0.000000 20604.667969
5000738.523942 0.000000 0.000000 20795.867188
5000738.544012 0.000000 0.000000 20997.560547
5000738.564140 0.000000 0.000000 21198.910156
5000738.584505 0.000000 0.000000 21401.201172
5000738.604569 0.000000 0.000000 21603.019531
5000738.624728 0.000000 0.000000 21805.134766
5000738.644008 0.000000 0.000000 21996.244141
5000738.664089 0.000000 0.000000 22198.632812
5000738.684294 0.000000 0.000000 22400.201172
5000738.704366 0.000000 0.000000 22601.570312
5000738.724518 0.000000 0.000000 22802.931641
5000738.744738 0.000000 0.000000 23004.560547
5000738.764826 0.000000 0.000000 23205.933594
5000738.784073 0.000000 0.000000 23397.648438
5000738.804246 0.000000 0.000000 23600.119141
5000738.824446 0.000000 0.000000 23802.138672
5000738.844636 0.000000 0.000000 24003.626953
5000738.864774 0.000000 0.000000 24205.300781
5000738.883906 0.000000 0.000000 24396.619141
5000738.904115 0.000000 0.000000 24598.455078
5000738.924254 0.000000 0.000000 24799.873047
5000738.944345 0.000000 0.000000 25001.396484
5000738.964598 0.000000 0.000000 25202.873047
5000738.984717 0.000000 0.000000 25404.792969
5000739.003883 0.000000 0.000000 25596.230469
5000739.024004 0.000000 0.000000 25797.923828
5000739.044181 0.000000 0.000000 25999.585938
5000739.064358 0.000000 0.000000 26201.154297
5000739.084518 0.000000 0.000000 26402.693359
5000739.104625 0.000000 0.000000 26604.121094
5000739.124896 0.000000 0.000000 26805.716797
5000739.143987 0.000000 0.000000 26997.751953
5000739.164257 0.000000 0.000000 27199.728516
5000739.184422 0.000000 0.000000 27401.806641
5000739.204604 0.000000 0.000000 27603.037109
5000739.224722 0.000000 0.000000 27804.736328
5000739.244952 0.000000 0.000000 28006.375000
5000739.264085 0.000000 0.000000 28198.453125
5000739.284276 0.000000 0.000000 28400.158203
5000739.304425 0.000000 0.000000 28601.650391
5000739.324568 0.000000 0.000000 28803.019531
5000739.344788 0.000000 0.000000 29005.328125
5000739.363852 0.000000 0.000000 29196.402344
5000739.384050 0.000000 0.000000 29397.830078
5000739.404149 0.000000 0.000000 29599.216797
5000739.424303 0.000000 0.000000 29800.572266
5000739.444488 0.000000 0.000000 30002.472656
5000739.464706 0.000000 0.000000 30204.320312
5000739.484843 0.000000 0.000000 30405.931641
5000739.503984 0.000000 0.000000 30597.734375
5000739.524224 0.000000 0.000000 30799.132812
5000739.544356 0.000000 0.000000 31001.205078
5000739.564565 0.000000 0.000000 31203.109375
5000739.584680 0.000000 0.000000 31404.496094
5000739.604874 0.000000 0.000000 31606.060547
5000739.623993 0.000000 0.000000 31797.429688
5000739.644125 0.000000 0.000000 31998.837891
5000739.664262 0.000000 0.000000 32200.394531
5000739.684470 0.000000 0.000000 32401.927734
5000739.704665 0.000000 0.000000 32603.851562
5000739.724755 0.000000 0.000000 32805.449219
5000739.743960 0.000000 0.000000 32996.742188
5000739.764076 0.000000 0.000000 33198.605469
5000739.784228 0.000000 0.000000 33399.996094
5000739.804455 0.000000 0.000000 33601.992188
5000739.824641 0.000000 0.000000 33803.667969
5000739.844863 0.000000 0.000000 34005.765625
5000739.864031 0.000000 0.000000 34197.812500
5000739.884188 0.000000 0.000000 34399.230469
5000739.904298 0.000000 0.000000 34600.777344
5000739.924473 0.000000 0.000000 34802.175781
5000739.944601 0.000000 0.000000 35003.906250
5000739.964787 0.000000 0.000000 35205.394531
5000739.984012 0.000000 0.000000 35396.992188
5000740.004232 0.000000 0.000000 35599.332031
5000740.024352 0.000000 0.000000 35801.050781
5000740.044564 0.000000 0.000000 36002.656250
5000740.064824 0.000000 0.000000 36204.695312
5000740.084013 0.000000 0.000000 36397.398438
5000740.104156 0.000000 0.000000 36599.039062
5000740.124299 0.000000 0.000000 36800.742188
5000740.144439 0.000000 0.000000 37002.148438
5000740.164796 0.000000 0.000000 37204.074219
5000740.184831 0.000000 0.000000 37406.222656
5000740.203993 0.000000 0.000000 37597.609375
5000740.224218 0.000000 0.000000 37799.003906
5000740.244463 0.000000 0.000000 38001.039062
5000740.264555 0.000000 0.000000 38203.308594
5000740.284800 0.000000 0.000000 38405.234375
5000740.303963 0.000000 0.000000 38597.488281
5000740.324111 0.000000 0.000000 38798.878906
5000740.344244 0.000000 0.000000 38999.851562
5000740.364367 0.000000 0.000000 39201.542969
5000740.384506 0.000000 0.000000 39402.964844
5000740.404682 0.000000 0.000000 39604.269531
5000740.424926 0.000000 0.000000 39805.808594
5000740.443981 0.000000 0.000000 39997.203125
5000740.464100 0.000000 0.000000 40198.953125
5000740.484313 0.000000 0.000000 40400.664062
5000740.504504 0.000000 0.000000 40602.605469
5000740.524742 0.000000 0.000000 40804.359375
5000740.544877 0.000000 0.000000 41006.179688
5000740.564078 0.000000 0.000000 41198.289062
5000740.584182 0.000000 0.000000 41399.687500
5000740.604417 0.000000 0.000000 41601.441406
5000740.624573 0.000000 0.000000 41803.472656
5000740.644821 0.000000 0.000000 42005.277344
5000740.684249 -0.073419 0.046499 60000.000000
5000740.704426 -0.058709 -0.932496 43245.507812
5000740.724699 0.140367 -0.904772 42169.621094
5000740.744803 0.086432 -0.991449 43300.386719
5000740.763938 0.040416 -0.325598 44418.378906
5000740.784123 0.220727 -1.788525 43531.027344
5000740.804297 0.153391 -1.375567 44138.597656
5000740.824531 0.192292 -1.324929 43314.871094
5000740.844638 0.199982 -1.410770 42338.527344
5000740.864899 0.150202 -1.340543 42052.554688
5000740.884017 0.159660 -1.628251 40458.332031
5000740.904187 0.130240 -1.746252 39508.132812
5000740.924300 0.092753 -1.482990 40075.386719
5000740.944519 0.256763 -1.659969 39339.593750
5000740.964727 0.004620 -1.016625 40596.144531
5000740.983908 0.150831 -2.206227 36717.445312
5000741.004086 0.249839 -2.004526 40033.042969
5000741.024333 0.296504 -2.036227 41127.550781
5000741.044509 0.171393 -1.119060 42266.875000
5000741.064691 0.473763 -2.259475 40994.074219
5000741.084822 0.447950 -2.496064 40179.519531
5000741.103981 0.393797 -1.837107 40495.832031
5000741.124153 0.439408 -1.946905 39882.605469
5000741.144294 0.517010 -2.171065 38847.218750
5000741.164451 0.306415 -1.192669 40633.941406
5000741.184654 0.733801 -2.773254 36282.937500
5000741.204831 0.646197 -1.976765 40840.570312
5000741.224025 0.572259 -1.900778 39940.953125
5000741.244198 0.712897 -1.978789 39962.535156
5000741.264322 0.732588 -1.989670 41492.437500
5000741.284469 0.813862 -1.983743 41514.484375
5000741.304649 0.863487 -1.959044 41821.863281
5000741.324803 0.965737 -2.159039 41124.816406
5000741.343958 0.865887 -1.837217 41236.007812
5000741.364108 0.940860 -1.929582 40897.902344
5000741.384313 1.032125 -2.125699 39683.398438
5000741.404455 0.973355 -1.914254 40044.156250
5000741.424611 1.026971 -1.872679 40412.695312
5000741.444835 1.101504 -1.811756 41666.863281
5000741.463942 1.032836 -1.731315 41014.406250
5000741.484091 0.988143 -1.629258 40684.292969
5000741.504264 1.233769 -1.972516 41251.707031
5000741.524436 1.249669 -1.697139 42171.843750
5000741.544757 0.803710 -1.219146 40944.250000
5000741.564989 1.464809 -2.028459 41202.675781
5000741.584149 -0.000000 0.000000 43305.160156
5000741.604372 2.699908 -3.400292 38242.519531
5000741.624533 1.286397 -1.593227 40159.757812
5000741.644720 1.224080 -1.394949 41101.562500
5000741.664900 1.185179 -1.414681 41286.652344
5000741.684046 1.850382 -1.842167 41957.890625
5000741.704276 1.436654 -1.442292 41232.351562
5000741.724431 1.162970 -1.136721 42078.625000
5000741.744603 1.859587 -1.627666 42446.503906
5000741.764768 1.491822 -1.357999 39927.160156
5000741.783875 1.617186 -1.378960 39568.843750
5000741.804057 1.719639 -1.389319 39540.042969
5000741.824248 1.511364 -1.080544 41698.335938
5000741.844394 1.735151 -1.347727 38389.035156
5000741.864563 1.705996 -1.157695 41984.000000
5000741.884661 1.454212 -1.046882 39122.281250
5000741.905004 1.877541 -1.234256 40907.878906
5000741.924241 1.613244 -1.041790 40743.453125
5000741.944306 1.412308 -0.865750 42112.460938
5000741.964479 2.315947 -1.340175 40850.296875
5000741.984751 1.793036 -1.026706 40854.269531
5000742.004977 1.799081 -0.991062 39876.835938
5000742.024078 1.764624 -0.918709 41529.648438
5000742.044235 2.049388 -1.019094 40366.832031
5000742.064359 1.578685 -0.708570 42366.867188
5000742.084562 1.850536 -0.911840 39046.632812
5000742.104777 2.312518 -1.052411 40357.980469
5000742.123903 1.836195 -0.801546 10000.000000
5000742.144103 1.583332 -0.683294 38861.093750
5000742.164280 2.154480 -0.888610 36319.261719
5000742.184520 2.222259 -0.876920 38040.164062
5000742.204618 1.846430 -0.697680 39716.949219
5000742.224816 2.400860 -0.946020 35774.742188
5000742.243940 1.996741 -0.705016 39520.531250
5000742.264220 2.015044 -0.760067 36421.433594
5000742.284308 2.305207 -0.794605 37867.570312
5000742.304515 2.102531 -0.713122 38241.679688
5000742.324752 2.100187 -0.703878 37558.476562
5000742.343850 1.886337 -0.538654 39391.472656
5000742.364050 2.244845 -0.821212 37084.386719
5000742.384255 1.972284 -0.559107 33517.687500
5000742.404443 2.352437 -0.774413 44247.039062
5000742.424608 2.389903 -0.710538 39264.824219
5000742.444743 2.085050 -0.712456 35681.566406
5000742.463850 2.049078 -0.622871 38055.542969
5000742.484077 1.948128 -0.591306 38343.347656
5000742.504211 2.248823 -0.613349 43644.019531
5000742.524393 2.404990 -0.715525 40056.390625
5000742.544621 2.204905 -0.623247 32555.611328
5000742.564740 2.168902 -0.647261 47088.851562
5000742.583868 2.054320 -0.628258 32214.962891
5000742.604096 2.212997 -0.587228 47520.667969
5000742.624229 2.426116 -0.709277 40873.296875
5000742.644398 0.616973 -0.172428 31330.298828
5000742.664577 3.769728 -1.026569 50279.562500
5000742.684766 2.188480 -0.605397 33900.601562
5000742.703884 2.096921 -0.564250 42974.878906
5000742.724036 2.392334 -0.652336 41802.585938
5000742.744205 2.314367 -0.694043 34225.695312
5000742.764331 2.163743 -0.592518 41654.621094
5000742.784666 2.031900 -0.486178 46310.460938
5000742.804731 2.363567 -0.624903 41999.554688
5000742.823884 1.822312 -0.493616 40258.699219
5000742.844103 2.357517 -0.631308 43655.320312
5000742.864248 2.362117 -0.588652 42913.105469
5000742.884542 1.855799 -0.561061 37273.535156
5000742.904703 1.908933 -0.443019 41165.125000
5000742.925005 2.131976 -0.501656 40952.921875
5000742.944081 2.448418 -0.591919 42390.464844
5000742.964280 2.408098 -0.424614 43020.769531
5000742.984396 2.122132 -0.444331 38736.230469
5000743.004639 1.825283 -0.465430 35120.660156
5000743.024893 2.317142 -0.424778 38641.687500
5000743.044037 1.999849 -0.403908 45729.632812
5000743.064197 2.133654 -0.381343 42234.972656
5000743.084397 2.155590 -0.335920 45832.378906
5000743.104533 2.090533 -0.365485 35583.863281
5000743.124725 2.106033 -0.340693 41481.484375
5000743.144859 2.175431 -0.274534 48147.847656
5000743.164193 2.067784 -0.420716 31692.980469
5000743.184306 2.191962 -0.239410 44659.285156
5000743.204467 2.057497 -0.275475 37017.238281
5000743.224612 2.070071 -0.280058 38443.515625
5000743.244804 2.260735 -0.281591 38515.777344
5000743.264095 1.944615 -0.245874 38320.664062
5000743.284211 2.226684 -0.311344 35162.484375
5000743.304378 1.980186 -0.252568 38406.781250
5000743.324594 1.816959 -0.218648 40728.316406
5000743.344786 2.261080 0.465430 10000.000000
5000743.363866 0.978269 -0.852312 60000.000000
5000743.384116 3.132482 -0.202877 46854.019531
5000743.404300 1.960751 -0.300732 30060.921875
5000743.424451 2.086012 -0.166347 39327.699219
5000743.444642 1.844152 -0.257619 24015.902344
5000743.464967 1.269475 -1.593432 47681.601562
5000743.484014 3.184923 1.149295 44484.003906
5000743.504214 2.139504 -0.075747 34479.593750
5000743.524357 1.759571 -0.116113 46015.480469
5000743.544593 2.458184 -0.221307 39512.570312
5000743.564784 2.062499 -0.177109 40077.121094
5000743.583911 1.967583 -0.165912 41002.578125
5000743.604067 1.838276 -0.274131 25549.410156
5000743.624262 2.362673 -0.072448 41267.242188
5000743.644425 1.609885 -0.626723 44018.914062
5000743.664694 2.248729 0.280594 38182.464844
5000743.684800 1.956978 -0.255352 34030.386719
5000743.704044 2.230217 0.575597 19039.730469
5000743.724237 1.716506 -0.836278 60000.000000
5000743.744413 2.470690 -0.170195 55061.542969
5000743.764510 1.875660 -0.149714 52055.890625
5000743.784658 1.834169 -0.105643 39836.582031
5000743.804808 2.437831 -0.111327 37894.976562
5000743.823983 1.925146 -0.079220 39641.730469
5000743.844157 2.029577 -0.054429 45420.253906
5000743.864391 2.069386 0.004285 60000.000000
5000743.884596 2.048124 -0.021787 43825.160156
5000743.904805 2.267649 0.058248 47154.835938
5000743.923871 1.898496 0.016699 46189.101562
5000743.944038 2.021075 0.165191 27600.857422
5000743.964215 2.024175 0.069107 38309.703125
5000743.984374 1.715080 -1.590281 60000.000000
5000744.004534 2.352802 1.808707 10000.000000
5000744.024777 1.999748 0.102959 32094.257812
5000744.044974 1.779214 0.821369 10000.000000
5000744.064127 2.083074 -0.465925 60000.000000
5000744.084358 2.113411 0.053453 26137.910156
5000744.104662 2.038601 0.292967 57922.550781
5000744.124792 1.893369 0.212553 49903.003906
5000744.143969 2.139791 0.215166 39597.750000
5000744.164096 0.000000 0.000000 0.000000
5000744.165092 1.936094 0.204122 15385.837891
5000744.184248 0.000000 0.000000 0.000000
5000744.204443 0.000000 0.000000 0.000000
5000744.224568 0.000000 0.000000 0.000000
5000744.244683 0.000000 0.000000 0.000000
5000744.264844 0.000000 0.000000 0.000000
5000744.283939 0.000000 0.000000 0.000000
5000744.304180 0.000000 0.000000 0.000000
5000744.324281 0.000000 0.000000 0.000000
5000744.344482 0.000000 0.000000 0.000000
5000744.364605 0.000000 0.000000 0.000000
5000744.384810 0.000000 0.000000 0.000000
5000744.403818 0.000000 0.000000 0.000000
5000744.424051 0.000000 0.000000 0.000000
5000744.444264 0.000000 0.000000 0.000000
5000744.464363 0.000000 0.000000 0.000000
5000744.484579 0.000000 0.000000 0.000000
5000744.504724 0.000000 0.000000 0.000000
5000744.523791 0.000000 0.000000 0.000000
5000744.543968 0.000000 0.000000 0.000000
5000744.564113 0.000000 0.000000 0.000000
5000744.584313 0.000000 0.000000 0.000000
5000744.604438 0.000000 0.000000 0.000000
5000744.624622 0.000000 0.000000 0.000000
5000744.644755 0.000000 0.000000 0.000000
5000744.663982 0.000000 0.000000 0.000000
5000744.684107 0.000000 0.000000 0.000000
5000744.704267 0.000000 0.000000 0.000000
5000744.724403 0.000000 0.000000 0.000000
5000744.744762 0.000000 0.000000 0.000000
5000744.764901 0.000000 0.000000 0.000000
5000744.784076 0.000000 0.000000 0.000000
5000744.804264 0.000000 0.000000 0.000000
5000744.824368 0.000000 0.000000 0.000000
5000744.844517 0.000000 0.000000 0.000000
5000744.864649 0.000000 0.000000 0.000000
5000744.884843 0.000000 0.000000 0.000000
5000744.903976 0.000000 0.000000 0.000000
5000744.924120 0.000000 0.000000 0.000000
5000744.944279 0.000000 0.000000 0.000000
5000744.964425 0.000000 0.000000 0.000000
5000744.984546 0.000000 0.000000 0.000000
5000745.004726 0.000000 0.000000 0.000000
5000745.024835 0.000000 0.000000 0.000000
5000745.044070 0.000000 0.000000 0.000000
5000745.064227 0.000000 0.000000 0.000000
5000745.084371 0.000000 0.000000 0.000000
5000745.104602 0.000000 0.000000 0.000000
5000745.124758 0.000000 0.000000 0.000000
5000745.143812 0.000000 0.000000 0.000000
5000745.164044 0.000000 0.000000 0.000000
5000745.184206 0.000000 0.000000 0.000000
5000745.204331 0.000000 0.000000 0.000000
5000745.224528 0.000000 0.000000 0.000000
5000745.244620 0.000000 0.000000 0.000000
5000745.264785 0.000000 0.000000 0.000000
5000745.283846 0.000000 0.000000 0.000000
5000745.304012 0.000000 0.000000 0.000000
5000745.324132 0.000000 0.000000 0.000000
5000745.344321 0.000000 0.000000 0.000000
5000745.364512 0.000000 0.000000 0.000000
5000745.384787 0.000000 0.000000 0.000000
5000745.403843 0.000000 0.000000 0.000000
5000745.424032 0.000000 0.000000 0.000000
5000745.444282 0.000000 0.000000 0.000000
5000745.464433 0.000000 0.000000 0.000000
5000745.484593 0.000000 0.000000 0.000000
5000745.504742 0.000000 0.000000 0.000000
5000745.523837 0.000000 0.000000 0.000000
5000745.543971 0.000000 0.000000 0.000000
5000745.564132 0.000000 0.000000 0.000000
5000745.584242 0.000000 0.000000 0.000000
5000745.604378 0.000000 0.000000 0.000000
5000745.624541 0.000000 0.000000 0.000000
5000745.644664 0.000000 0.000000 0.000000
5000745.664808 0.000000 0.000000 0.000000
5000745.683956 0.000000 0.000000 0.000000
5000745.704142 0.000000 0.000000 0.000000
5000745.724304 0.000000 0.000000 0.000000
5000745.744458 0.000000 0.000000 0.000000
5000745.764577 0.000000 0.000000 0.000000
5000745.784777 0.000000 0.000000 0.000000
5000745.803816 0.000000 0.000000 0.000000
5000745.823998 0.000000 0.000000 0.000000
5000745.844112 0.000000 0.000000 0.000000
5000745.864293 0.000000 0.000000 0.000000
5000745.884484 0.000000 0.000000 0.000000
5000745.904682 0.000000 0.000000 0.000000
5000745.924751 0.000000 0.000000 0.000000
5000745.943854 0.000000 0.000000 0.000000
5000745.964031 0.000000 0.000000 0.000000
5000745.984126 0.000000 0.000000 0.000000
5000746.004321 0.000000 0.000000 0.000000
5000746.024535 0.000000 0.000000 0.000000
5000746.044591 0.000000 0.000000 0.000000
5000746.064740 0.000000 0.000000 0.000000
5000746.084914 0.000000 0.000000 0.000000
5000746.104021 0.000000 0.000000 0.000000
5000746.124165 0.000000 0.000000 0.000000
5000746.144312 0.000000 0.000000 0.000000
5000746.164522 0.000000 0.000000 0.000000
5000746.184652 0.000000 0.000000 0.000000
5000746.204782 0.000000 0.000000 0.000000
5000746.224036 0.000000 0.000000 0.000000
5000746.244188 0.000000 0.000000 0.000000
5000746.264280 0.000000 0.000000 0.000000
5000746.284437 0.000000 0.000000 0.000000
5000746.304666 0.000000 0.000000 0.000000
5000746.324772 0.000000 0.000000 0.000000
5000746.343971 0.000000 0.000000 0.000000
5000746.364156 0.000000 0.000000 0.000000
5000746.384281 0.000000 0.000000 0.000000
5000746.404437 0.000000 0.000000 0.000000
5000746.424574 0.000000 0.000000 0.000000
5000746.444706 0.000000 0.000000 0.000000
5000746.464810 0.000000 0.000000 0.000000
5000746.483946 0.000000 0.000000 0.000000
5000746.504089 0.000000 0.000000 0.000000
5000746.524308 0.000000 0.000000 0.000000
5000746.544469 0.000000 0.000000 0.000000
5000746.564660 0.000000 0.000000 0.000000
5000746.584788 0.000000 0.000000 0.000000
5000746.603963 0.000000 0.000000 0.000000
5000746.624175 0.000000 0.000000 0.000000
5000746.644381 0.000000 0.000000 0.000000
5000746.664547 0.000000 0.000000 0.000000
5000746.684697 0.000000 0.000000 0.000000
5000746.704860 0.000000 0.000000 0.000000
5000746.723990 0.000000 0.000000 0.000000
5000746.744287 0.000000 0.000000 0.000000
5000746.764421 0.000000 0.000000 0.000000
5000746.784491 0.000000 0.000000 0.000000
5000746.804671 0.000000 0.000000 0.000000
5000746.824829 0.000000 0.000000 0.000000
5000746.843953 0.000000 0.000000 0.000000
5000746.864111 0.000000 0.000000 0.000000
5000746.884250 0.000000 0.000000 0.000000
5000746.904366 0.000000 0.000000 0.000000
5000746.924530 0.000000 0.000000 0.000000
5000746.944762 0.000000 0.000000 0.000000
5000746.964893 0.000000 0.000000 0.000000
5000746.984053 0.000000 0.000000 0.000000
5000747.004184 0.000000 0.000000 0.000000
5000747.024323 0.000000 0.000000 0.000000
5000747.044505 0.000000 0.000000 0.000000
5000747.064699 0.000000 0.000000 0.000000
5000747.084805 0.000000 0.000000 0.000000
5000747.104060 0.000000 0.000000 0.000000
5000747.124200 0.000000 0.000000 0.000000
5000747.144421 0.000000 0.000000 0.000000
5000747.164511 0.000000 0.000000 0.000000
5000747.184693 0.000000 0.000000 0.000000
5000747.204843 0.000000 0.000000 0.000000
5000747.223979 0.000000 0.000000 0.000000
5000747.244172 0.000000 0.000000 0.000000
5000747.264354 0.000000 0.000000 0.000000
5000747.284501 0.000000 0.000000 0.000000
5000747.304702 0.000000 0.000000 0.000000
5000747.324864 0.000000 0.000000 0.000000
5000747.344046 0.000000 0.000000 0.000000
5000747.364225 0.000000 0.000000 0.000000
5000747.384340 0.000000 0.000000 0.000000
5000747.404489 0.000000 0.000000 0.000000
5000747.424609 0.000000 0.000000 0.000000
5000747.444789 0.000000 0.000000 0.000000
5000747.464047 0.000000 0.000000 0.000000
5000747.484151 0.000000 0.000000 0.000000
5000747.504332 0.000000 0.000000 0.000000
