5000740.684318 -0.073419 0.046499
5000740.704435 -0.058709 -0.932496
5000740.724721 0.140367 -0.904772
5000740.744794 0.086432 -0.991449
5000740.763959 0.040416 -0.325598
5000740.784139 0.220727 -1.788525
5000740.804353 0.153391 -1.375567
5000740.824573 0.192292 -1.324929
5000740.844663 0.199982 -1.410770
5000740.864927 0.150202 -1.340543
5000740.884036 0.159660 -1.628251
5000740.904202 0.130240 -1.746252
5000740.924325 0.092753 -1.482990
5000740.944516 0.256763 -1.659969
5000740.964746 0.004620 -1.016625
5000740.983939 0.150831 -2.206227
5000741.004098 0.249839 -2.004526
5000741.024347 0.296504 -2.036227
5000741.044529 0.171393 -1.119060
5000741.064705 0.473763 -2.259475
5000741.084834 0.447950 -2.496064
5000741.103990 0.393797 -1.837107
5000741.124164 0.439408 -1.946905
5000741.144297 0.517010 -2.171065
5000741.164480 0.306415 -1.192669
5000741.184684 0.733801 -2.773254
5000741.204905 0.646197 -1.976765
5000741.224050 0.572259 -1.900778
5000741.244197 0.712897 -1.978789
5000741.264345 0.732588 -1.989670
5000741.284502 0.813862 -1.983743
5000741.304644 0.863487 -1.959044
5000741.324827 0.965737 -2.159039
5000741.343984 0.865887 -1.837217
5000741.364122 0.940860 -1.929582
5000741.384340 1.032125 -2.125699
5000741.404518 0.973355 -1.914254
5000741.424634 1.026971 -1.872679
5000741.444835 1.101504 -1.811756
5000741.463971 1.032836 -1.731315
5000741.484103 0.988143 -1.629258
5000741.504283 1.233769 -1.972516
5000741.524451 1.249669 -1.697139
5000741.544763 0.803710 -1.219146
5000741.565002 1.464809 -2.028459
5000741.584168 -0.000000 0.000000
5000741.604386 2.699908 -3.400292
5000741.624550 1.286397 -1.593227
5000741.644724 1.224080 -1.394949
5000741.664921 1.185179 -1.414681
5000741.684068 1.850382 -1.842167
5000741.704291 1.436654 -1.442292
5000741.724469 1.162970 -1.136721
5000741.744626 1.859587 -1.627666
5000741.764782 1.491822 -1.357999
5000741.783890 1.617186 -1.378960
5000741.804086 1.719639 -1.389319
5000741.824270 1.511364 -1.080544
5000741.844399 1.735151 -1.347727
5000741.864568 1.705996 -1.157695
5000741.884698 1.454212 -1.046882
5000741.904999 1.877541 -1.234256
5000741.924254 1.613244 -1.041790
5000741.944335 1.412308 -0.865750
5000741.964502 2.315947 -1.340175
5000741.984771 1.793036 -1.026706
5000742.004980 1.799081 -0.991062
5000742.024092 1.764624 -0.918709
5000742.044256 2.049388 -1.019094
5000742.064381 1.578685 -0.708570
5000742.084580 1.850536 -0.911840
5000742.104792 2.312518 -1.052411
5000742.123946 1.836195 -0.801546
5000742.144131 1.583332 -0.683294
5000742.164289 2.154480 -0.888610
5000742.184532 2.222259 -0.876920
5000742.204637 1.846430 -0.697680
5000742.224853 2.400860 -0.946020
5000742.243956 1.996741 -0.705016
5000742.264216 2.015044 -0.760067
5000742.284333 2.305207 -0.794605
5000742.304542 2.102531 -0.713122
5000742.324747 2.100187 -0.703878
5000742.343848 1.886337 -0.538654
5000742.364080 2.244845 -0.821212
5000742.384275 1.972284 -0.559107
5000742.404470 2.352437 -0.774413
5000742.424655 2.389903 -0.710538
5000742.444794 2.085050 -0.712456
5000742.463869 2.049078 -0.622871
5000742.484086 1.948128 -0.591306
5000742.504231 2.248823 -0.613349
5000742.524427 2.404990 -0.715525
5000742.544627 2.204905 -0.623247
5000742.564756 2.168902 -0.647261
5000742.583882 2.054320 -0.628258
5000742.604113 2.212997 -0.587228
5000742.624243 2.426116 -0.709277
5000742.644419 0.616973 -0.172428
5000742.664606 3.769728 -1.026569
5000742.684782 2.188480 -0.605397
5000742.703932 2.096921 -0.564250
5000742.724060 2.392334 -0.652336
5000742.744210 2.314367 -0.694043
5000742.764346 2.163743 -0.592518
5000742.784672 2.031900 -0.486178
5000742.804748 2.363567 -0.624903
5000742.823895 1.822312 -0.493616
5000742.844145 2.357517 -0.631308
5000742.864255 2.362117 -0.588652
5000742.884550 1.855799 -0.561061
5000742.904818 1.908933 -0.443019
5000742.925020 2.131976 -0.501656
5000742.944103 2.448418 -0.591919
5000742.964320 2.408098 -0.424614
5000742.984424 2.122132 -0.444331
5000743.004657 1.825283 -0.465430
5000743.024911 2.317142 -0.424778
5000743.044051 1.999849 -0.403908
5000743.064211 2.133654 -0.381343
5000743.084423 2.155590 -0.335920
5000743.104558 2.090533 -0.365485
5000743.124722 2.106033 -0.340693
5000743.144873 2.175431 -0.274534
5000743.164170 2.067784 -0.420716
5000743.184319 2.191962 -0.239410
5000743.204511 2.057497 -0.275475
5000743.224625 2.070071 -0.280058
5000743.244815 2.260735 -0.281591
5000743.264114 1.944615 -0.245874
5000743.284244 2.226684 -0.311344
5000743.304423 1.980186 -0.252568
5000743.324615 1.816959 -0.218648
5000743.344799 2.261080 0.465430
5000743.363915 0.978269 -0.852312
5000743.384138 3.132482 -0.202877
5000743.404272 1.960751 -0.300732
5000743.424474 2.086012 -0.166347
5000743.444668 1.844152 -0.257619
5000743.464988 1.269475 -1.593432
5000743.484035 3.184923 1.149295
5000743.504237 2.139504 -0.075747
5000743.524383 1.759571 -0.116113
5000743.544590 2.458184 -0.221307
5000743.564797 2.062499 -0.177109
5000743.583938 1.967583 -0.165912
5000743.604099 1.838276 -0.274131
5000743.624280 2.362673 -0.072448
5000743.644442 1.609885 -0.626723
5000743.664687 2.248729 0.280594
5000743.684823 1.956978 -0.255352
5000743.704058 2.230217 0.575597
5000743.724239 1.716506 -0.836278
5000743.744414 2.470690 -0.170195
5000743.764564 1.875660 -0.149714
5000743.784687 1.834169 -0.105643
5000743.804838 2.437831 -0.111327
5000743.824014 1.925146 -0.079220
5000743.844170 2.029577 -0.054429
5000743.864403 2.069386 0.004285
5000743.884635 2.048124 -0.021787
5000743.904837 2.267649 0.058248
5000743.923889 1.898496 0.016699
5000743.944056 2.021075 0.165191
5000743.964242 2.024175 0.069107
5000743.984389 1.715080 -1.590281
5000744.004558 2.352802 1.808707
5000744.024810 1.999748 0.102959
5000744.044987 1.779214 0.821369
5000744.064150 2.083074 -0.465925
5000744.084368 2.113411 0.053453
5000744.104672 2.038601 0.292967
5000744.124825 1.893369 0.212553
5000744.143976 2.139791 0.215166
5000744.164142 1.936094 0.204122
