5000740.684319 -0.025526 -0.015239 0.005915
5000740.704427 -0.011680 0.319411 0.168607
5000740.724698 0.056132 0.308141 0.217998
5000740.744774 0.038405 0.338273 0.243361
5000740.763956 0.016718 0.110985 0.087287
5000740.784124 0.090996 0.609720 0.518896
5000740.804307 0.064102 0.469119 0.422910
5000740.824558 0.076668 0.451526 0.438421
5000740.844650 0.079603 0.480886 0.483898
5000740.864933 0.061656 0.457312 0.455903
5000740.884031 0.066555 0.555702 0.577300
5000740.904194 0.056610 0.596346 0.620411
5000740.924318 0.041435 0.506608 0.532109
5000740.944515 0.097714 0.566239 0.626158
5000740.964733 0.007498 0.347694 0.362857
5000740.983937 0.063325 0.753825 0.784980
5000741.004098 0.095287 0.684428 0.700715
5000741.024347 0.110501 0.695190 0.699286
5000741.044534 0.063320 0.382067 0.387825
5000741.064699 0.170354 0.771174 0.791012
5000741.084820 0.161200 0.852424 0.832519
5000741.103980 0.139985 0.627307 0.606791
5000741.124164 0.155319 0.664876 0.631063
5000741.144291 0.181715 0.741545 0.699804
5000741.164459 0.107253 0.407367 0.392720
5000741.184671 0.255722 0.947509 0.869437
5000741.204905 0.224051 0.675277 0.625075
5000741.224062 0.198268 0.649499 0.577929
5000741.244194 0.246165 0.676135 0.604525
5000741.264346 0.252664 0.679930 0.577806
5000741.284491 0.280280 0.677906 0.576457
5000741.304647 0.297134 0.669461 0.560325
5000741.324832 0.332197 0.737856 0.594164
5000741.343983 0.297664 0.627866 0.500985
5000741.364110 0.323317 0.659454 0.516325
5000741.384330 0.354555 0.726566 0.551570
5000741.404540 0.334242 0.654283 0.488733
5000741.424652 0.352514 0.640056 0.479143
5000741.444822 0.378039 0.619138 0.466519
5000741.463967 0.354443 0.591679 0.433406
5000741.484093 0.338998 0.556838 0.404630
5000741.504273 0.423249 0.674174 0.478617
5000741.524444 0.428595 0.579890 0.420886
5000741.544738 0.275639 0.416628 0.289353
5000741.564998 0.502331 0.693233 0.477181
5000741.584165 0.000000 0.000000 0.000000
5000741.604387 0.925496 1.162971 0.800392
5000741.624543 0.440807 0.544549 0.363552
5000741.644726 0.419365 0.476749 0.328203
5000741.664908 0.406020 0.483550 0.327699
5000741.684070 0.633683 0.629806 0.465964
5000741.704288 0.491932 0.493068 0.367555
5000741.724459 0.398184 0.388577 0.295595
5000741.744613 0.636726 0.556418 0.441260
5000741.764821 0.510657 0.464348 0.369456
5000741.783912 0.553512 0.471560 0.389574
5000741.804086 0.588522 0.475157 0.405038
5000741.824247 0.517298 0.369370 0.328757
5000741.844391 0.593789 0.460964 0.396873
5000741.864558 0.583865 0.395807 0.352912
5000741.884698 0.497611 0.358032 0.309740
5000741.905001 0.642439 0.422201 0.363240
5000741.924247 0.551998 0.356317 0.303111
5000741.944324 0.483239 0.296069 0.248874
5000741.964496 0.792467 0.458452 0.387303
5000741.984766 0.613515 0.351138 0.282993
5000742.004976 0.615550 0.338990 0.277494
5000742.024109 0.603758 0.314219 0.258758
5000742.044251 0.701187 0.348593 0.294356
5000742.064370 0.540175 0.242190 0.211395
5000742.084575 0.633152 0.311861 0.256020
5000742.104791 0.791201 0.360034 0.298845
5000742.123947 0.628229 0.274120 0.231252
5000742.144107 0.541712 0.233651 0.188676
5000742.164283 0.737110 0.303963 0.256389
5000742.184517 0.760298 0.299958 0.248224
5000742.204629 0.631753 0.238478 0.199155
5000742.224851 0.821390 0.323669 0.257283
5000742.243959 0.683142 0.241072 0.199144
5000742.264214 0.689382 0.259991 0.201881
5000742.284331 0.788649 0.271829 0.209191
5000742.304532 0.719317 0.243896 0.171825
5000742.324746 0.718513 0.240733 0.150222
5000742.343837 0.645394 0.183989 0.109990
5000742.364077 0.768033 0.280849 0.114945
5000742.384268 0.674746 0.191171 0.056495
5000742.404454 0.804874 0.264708 0.067429
5000742.424644 0.817730 0.242668 0.020960
5000742.444775 0.713379 0.243544 -0.006710
5000742.463850 0.701052 0.212900 -0.033668
5000742.484073 0.666523 0.202070 -0.052459
5000742.504221 0.769471 0.209308 -0.083111
5000742.524393 0.822937 0.244222 -0.118786
5000742.544619 0.754413 0.212834 -0.149936
5000742.564759 0.742159 0.220867 -0.147359
5000742.583878 0.702880 0.214636 -0.179159
5000742.604109 0.757237 0.200259 -0.201761
5000742.624247 0.830183 0.242008 -0.262412
5000742.644420 0.211100 0.058833 -0.089029
5000742.664593 1.289965 0.350469 -0.507237
5000742.684784 0.748843 0.206534 -0.367853
5000742.703917 0.717534 0.192371 -0.369563
5000742.724048 0.818629 0.222436 -0.455876
5000742.744204 0.791867 0.237090 -0.482913
5000742.764343 0.740309 0.202374 -0.450662
5000742.784664 0.695258 0.165679 -0.418426
5000742.804741 0.808768 0.213086 -0.536506
5000742.823899 0.623552 0.168326 -0.422810
5000742.844131 0.806670 0.215397 -0.557523
5000742.864266 0.808208 0.200880 -0.546128
5000742.884536 0.634884 0.191885 -0.441366
5000742.904819 0.653035 0.151554 -0.423043
5000742.925004 0.729316 0.171730 -0.444693
5000742.944091 0.837496 0.202962 -0.494582
5000742.964299 0.823789 0.145294 -0.419290
5000742.984440 0.725945 0.152121 -0.361615
5000743.004646 0.624307 0.159667 -0.311696
5000743.024907 0.792558 0.145974 -0.351525
5000743.044042 0.684031 0.138681 -0.272548
5000743.064208 0.729808 0.130999 -0.291605
5000743.084427 0.737351 0.115271 -0.283530
5000743.104536 0.715056 0.125583 -0.299351
5000743.124715 0.720372 0.117048 -0.284914
5000743.144872 0.744175 0.094033 -0.286661
5000743.164192 0.707275 0.144414 -0.323779
5000743.184317 0.749838 0.081947 -0.298174
5000743.204484 0.703845 0.094241 -0.309579
5000743.224623 0.708148 0.095799 -0.309703
5000743.244810 0.773373 0.096319 -0.334722
5000743.264125 0.665226 0.084133 -0.279011
5000743.284228 0.761682 0.106817 -0.312479
5000743.304396 0.677330 0.086926 -0.281695
5000743.324612 0.621492 0.075342 -0.248038
5000743.344793 0.774811 -0.152741 -0.111685
5000743.363907 0.334480 0.291801 -0.271329
5000743.384127 1.071565 0.069635 -0.418006
5000743.404266 0.670650 0.103540 -0.308191
5000743.424470 0.713548 0.057492 -0.289418
5000743.444667 0.630710 0.089208 -0.323508
5000743.464986 0.463258 0.520814 -0.240052
5000743.484039 1.090067 -0.392229 -0.454832
5000743.504239 0.731864 0.026676 -0.320677
5000743.524378 0.601893 0.040170 -0.308283
5000743.544592 0.840848 0.076424 -0.453826
5000743.564798 0.705504 0.061150 -0.393848
5000743.583924 0.673040 0.057263 -0.390844
5000743.604085 0.628695 0.094828 -0.438084
5000743.624262 0.808212 0.025517 -0.483504
5000743.644444 0.547004 0.223777 -0.409307
5000743.664689 0.769373 -0.095118 -0.495012
5000743.684818 0.669302 0.088542 -0.480299
5000743.704067 0.764630 -0.190319 -0.338131
5000743.724234 0.586600 0.287413 -0.675605
5000743.744378 0.845054 0.060140 -0.650205
5000743.764556 0.641503 0.052862 -0.506826
5000743.784680 0.627329 0.038053 -0.505334
5000743.804839 0.833791 0.041342 -0.684887
5000743.824002 0.658431 0.030154 -0.547250
5000743.844171 0.694174 0.022453 -0.587621
5000743.864393 0.707901 0.002746 -0.614329
5000743.884636 0.700567 0.012090 -0.599161
5000743.904837 0.775850 -0.014385 -0.669708
5000743.923877 0.649471 -0.000805 -0.595574
5000743.944054 0.691805 -0.051069 -0.584661
5000743.964241 0.692610 -0.017961 -0.598644
5000743.984385 0.612091 0.515536 -0.556296
5000744.004541 0.809835 -0.612728 -0.739424
5000744.024785 0.684340 -0.029834 -0.629210
5000744.044986 0.612330 -0.272985 -0.446874
5000744.064130 0.711384 0.164777 -0.836239
5000744.084368 0.723075 -0.013271 -0.723695
5000744.104666 0.697948 -0.096209 -0.703555
5000744.124833 0.648042 -0.069568 -0.588555
5000744.143981 0.732296 -0.070547 -0.639591
5000744.164133 0.662595 -0.067088 -0.558757
