-0.700000 0.800000 0.700000
-0.697997 0.807863 0.706291
-0.695995 0.815725 0.712580
-0.693992 0.823583 0.718866
-0.691990 0.831435 0.725148
-0.689987 0.839279 0.731423
-0.687985 0.847113 0.737690
-0.685982 0.854936 0.743948
-0.683980 0.862745 0.750196
-0.681977 0.870538 0.756431
-0.679975 0.878314 0.762651
-0.677972 0.886071 0.768857
-0.675970 0.893807 0.775045
-0.673967 0.901519 0.781215
-0.671965 0.909206 0.787365
-0.669962 0.916866 0.793493
-0.667960 0.924497 0.799598
-0.665957 0.932098 0.805678
-0.663955 0.939665 0.811732
-0.661952 0.947199 0.817759
-0.659950 0.954695 0.823756
-0.657947 0.962154 0.829723
-0.655945 0.969572 0.835658
-0.653942 0.976949 0.841559
-0.651940 0.984282 0.847425
-0.649937 0.991569 0.853255
-0.647935 0.998808 0.859047
-0.645932 1.005999 0.864799
-0.643930 1.013139 0.870511
-0.641927 1.020226 0.876180
-0.639925 1.027258 0.881806
-0.637922 1.034234 0.887387
-0.635920 1.041152 0.892922
-0.633917 1.048011 0.898409
-0.631915 1.054808 0.903847
-0.629912 1.061543 0.909234
-0.627910 1.068212 0.914570
-0.625907 1.074815 0.919852
-0.623905 1.081351 0.925080
-0.621902 1.087816 0.930253
-0.619900 1.094211 0.935369
-0.617897 1.100532 0.940426
-0.615895 1.106780 0.945424
-0.613892 1.112951 0.950361
-0.611890 1.119045 0.955236
-0.609887 1.125060 0.960048
-0.607885 1.130995 0.964796
-0.605882 1.136848 0.969478
-0.603880 1.142617 0.974094
-0.601877 1.148302 0.978642
-0.599875 1.153901 0.983121
-0.597872 1.159412 0.987529
-0.595870 1.164834 0.991867
-0.593867 1.170166 0.996133
-0.591865 1.175406 1.000325
-0.589862 1.180554 1.004443
-0.587860 1.185607 1.008486
-0.585857 1.190565 1.012452
-0.583855 1.195427 1.016341
-0.581852 1.200190 1.020152
-0.579850 1.204855 1.023884
-0.577847 1.209419 1.027535
-0.575845 1.213883 1.031106
-0.573842 1.218243 1.034595
-0.571840 1.222501 1.038001
-0.569837 1.226654 1.041323
-0.567835 1.230701 1.044561
-0.565832 1.234642 1.047713
-0.563830 1.238475 1.050780
-0.561827 1.242200 1.053760
-0.559825 1.245815 1.056652
-0.557822 1.249320 1.059456
-0.555820 1.252714 1.062172
-0.553817 1.255996 1.064797
-0.551815 1.259166 1.067333
-0.549812 1.262221 1.069777
-0.547810 1.265163 1.072130
-0.545807 1.267989 1.074391
-0.543805 1.270700 1.076560
-0.541802 1.273294 1.078635
-0.539800 1.275771 1.080617
-0.537797 1.278130 1.082504
-0.535795 1.280371 1.084297
-0.533792 1.282493 1.085995
-0.531790 1.284496 1.087597
-0.529787 1.286379 1.089103
-0.527785 1.288142 1.090514
-0.525782 1.289784 1.091827
-0.523780 1.291305 1.093044
-0.521777 1.292704 1.094163
-0.519775 1.293982 1.095185
-0.517772 1.295137 1.096110
-0.515770 1.296170 1.096936
-0.513767 1.297080 1.097664
-0.511765 1.297867 1.098294
-0.509762 1.298531 1.098825
-0.507760 1.299072 1.099257
-0.505757 1.299489 1.099591
-0.503755 1.299783 1.099826
-0.501752 1.299953 1.099962
-0.499750 1.299999 1.099999
-0.497747 1.299922 1.099937
-0.495745 1.299721 1.099777
-0.493742 1.299396 1.099517
-0.491740 1.298948 1.099159
-0.489737 1.298377 1.098701
-0.487735 1.297682 1.098145
-0.485732 1.296864 1.097491
-0.483730 1.295923 1.096739
-0.481727 1.294860 1.095888
-0.479725 1.293674 1.094939
-0.477722 1.292366 1.093893
-0.475720 1.290936 1.092749
-0.473717 1.289385 1.091508
-0.471715 1.287713 1.090170
-0.469712 1.285920 1.088736
-0.467710 1.284007 1.087205
-0.465707 1.281974 1.085579
-0.463705 1.279822 1.083858
-0.461702 1.277551 1.082041
-0.459700 1.275162 1.080130
-0.457697 1.272656 1.078125
-0.455695 1.270033 1.076026
-0.453692 1.267293 1.073835
-0.451690 1.264438 1.071551
-0.449687 1.261468 1.069175
-0.447685 1.258384 1.066707
-0.445682 1.255186 1.064149
-0.443680 1.251876 1.061501
-0.441677 1.248454 1.058764
-0.439675 1.244922 1.055937
-0.437672 1.241279 1.053023
-0.435670 1.237527 1.050021
-0.433667 1.233667 1.046933
-0.431665 1.229699 1.043759
-0.429662 1.225625 1.040500
-0.427660 1.221446 1.037157
-0.425657 1.217163 1.033730
-0.423655 1.212776 1.030221
-0.421652 1.208288 1.026630
-0.419650 1.203698 1.022958
-0.417647 1.199009 1.019207
-0.415645 1.194220 1.015376
-0.413642 1.189335 1.011468
-0.411640 1.184353 1.007482
-0.409637 1.179276 1.003421
-0.407635 1.174105 0.999284
-0.405632 1.168842 0.995073
-0.403630 1.163487 0.990790
-0.401627 1.158042 0.986434
-0.399625 1.152509 0.982007
-0.397622 1.146889 0.977511
-0.395620 1.141183 0.972946
-0.393617 1.135392 0.968314
-0.391615 1.129519 0.963615
-0.389612 1.123564 0.958851
-0.387610 1.117529 0.954023
-0.385607 1.111415 0.949132
-0.383605 1.105225 0.944180
-0.381602 1.098959 0.939167
-0.379599 1.092619 0.934095
-0.377597 1.086206 0.928965
-0.375594 1.079723 0.923779
-0.373592 1.073171 0.918537
-0.371589 1.066551 0.913241
-0.369587 1.059865 0.907892
-0.367584 1.053115 0.902492
-0.365582 1.046302 0.897042
-0.363579 1.039428 0.891543
-0.361577 1.032495 0.885996
-0.359574 1.025505 0.880404
-0.357572 1.018459 0.874767
-0.355569 1.011359 0.869087
-0.353567 1.004206 0.863365
-0.351564 0.997003 0.857602
-0.349562 0.989751 0.851801
-0.347559 0.982453 0.845962
-0.345557 0.975109 0.840087
-0.343554 0.967722 0.834177
-0.341552 0.960293 0.828234
-0.339549 0.952825 0.822260
-0.337547 0.945319 0.816255
-0.335544 0.937777 0.810221
-0.333542 0.930201 0.804160
-0.331539 0.922592 0.798074
-0.329537 0.914954 0.791963
-0.327534 0.907287 0.785829
-0.325532 0.899593 0.779674
-0.323529 0.891875 0.773500
-0.321527 0.884134 0.767307
-0.319524 0.876372 0.761098
-0.317522 0.868591 0.754873
-0.315519 0.860794 0.748635
-0.313517 0.852981 0.742385
-0.311514 0.845155 0.736124
-0.309512 0.837318 0.729855
-0.307509 0.829472 0.723578
-0.305507 0.821619 0.717295
-0.303504 0.813760 0.711008
-0.301502 0.805898 0.704718
-0.299499 0.798034 0.698427
-0.297497 0.790171 0.692137
-0.295494 0.782310 0.685848
-0.293492 0.774454 0.679563
-0.291489 0.766604 0.673283
-0.289487 0.758762 0.667010
-0.287484 0.750930 0.660744
-0.285482 0.743111 0.654489
-0.283479 0.735305 0.648244
-0.281477 0.727516 0.642013
-0.279474 0.719745 0.635796
-0.277472 0.711993 0.629594
-0.275469 0.704263 0.623411
-0.273467 0.696557 0.617246
-0.271464 0.688876 0.611101
-0.269462 0.681223 0.604979
-0.267459 0.673600 0.598880
-0.265457 0.666007 0.592806
-0.263454 0.658448 0.586758
-0.261452 0.650924 0.580739
-0.259449 0.643436 0.574749
-0.257447 0.635988 0.568790
-0.255444 0.628579 0.562864
-0.253442 0.621214 0.556971
-0.251439 0.613892 0.551114
-0.249437 0.606617 0.545293
-0.247434 0.599389 0.539511
-0.245432 0.592211 0.533769
-0.243429 0.585085 0.528068
-0.241427 0.578011 0.522409
-0.239424 0.570993 0.516794
-0.237422 0.564031 0.511225
-0.235419 0.557127 0.505702
-0.233417 0.550284 0.500227
-0.231414 0.543502 0.494802
-0.229412 0.536784 0.489427
-0.227409 0.530131 0.484105
-0.225407 0.523544 0.478836
-0.223404 0.517026 0.473621
-0.221402 0.510578 0.468463
-0.219399 0.504202 0.463362
-0.217397 0.497899 0.458319
-0.215394 0.491670 0.453336
-0.213392 0.485518 0.448414
-0.211389 0.479444 0.443555
-0.209387 0.473448 0.438759
-0.207384 0.467534 0.434027
-0.205382 0.461702 0.429362
-0.203379 0.455953 0.424763
-0.201377 0.450290 0.420232
-0.199374 0.444713 0.415771
-0.197372 0.439224 0.411379
-0.195369 0.433824 0.407060
-0.193367 0.428515 0.402812
-0.191364 0.423298 0.398638
-0.189362 0.418174 0.394539
-0.187359 0.413144 0.390515
-0.185357 0.408210 0.386568
-0.183354 0.403373 0.382699
-0.181352 0.398634 0.378907
-0.179349 0.393995 0.375196
-0.177347 0.389455 0.371564
-0.175344 0.385018 0.368014
-0.173342 0.380683 0.364546
-0.171339 0.376451 0.361161
-0.169337 0.372325 0.357860
-0.167334 0.368304 0.354643
-0.165332 0.364390 0.351512
-0.163329 0.360584 0.348467
-0.161327 0.356886 0.345509
-0.159324 0.353298 0.342638
-0.157322 0.349821 0.339857
-0.155319 0.346455 0.337164
-0.153317 0.343201 0.334560
-0.151314 0.340060 0.332048
-0.149312 0.337033 0.329626
-0.147309 0.334120 0.327296
-0.145307 0.331322 0.325058
-0.143304 0.328641 0.322913
-0.141302 0.326076 0.320861
-0.139299 0.323628 0.318903
-0.137297 0.321299 0.317039
-0.135294 0.319087 0.315270
-0.133292 0.316995 0.313596
-0.131289 0.315022 0.312017
-0.129287 0.313169 0.310535
-0.127284 0.311436 0.309149
-0.125282 0.309824 0.307859
-0.123279 0.308334 0.306667
-0.121277 0.306965 0.305572
-0.119274 0.305718 0.304574
-0.117272 0.304593 0.303675
-0.115269 0.303591 0.302873
-0.113267 0.302712 0.302169
-0.111264 0.301955 0.301564
-0.109262 0.301322 0.301058
-0.107259 0.300812 0.300650
-0.105257 0.300426 0.300341
-0.103254 0.300163 0.300131
-0.101252 0.300024 0.300019
-0.099249 0.300009 0.300007
-0.097247 0.300117 0.300094
-0.095244 0.300349 0.300279
-0.093242 0.300704 0.300563
-0.091239 0.301183 0.300947
-0.089237 0.301786 0.301428
-0.087234 0.302511 0.302009
-0.085232 0.303360 0.302688
-0.083229 0.304331 0.303465
-0.081227 0.305425 0.304340
-0.079224 0.306642 0.305313
-0.077222 0.307980 0.306384
-0.075219 0.309440 0.307552
-0.073217 0.311022 0.308817
-0.071214 0.312724 0.310179
-0.069212 0.314547 0.311638
-0.067209 0.316490 0.313192
-0.065207 0.318553 0.314842
-0.063204 0.320735 0.316588
-0.061202 0.323035 0.318428
-0.059199 0.325453 0.320363
-0.057196 0.327989 0.322391
-0.055194 0.330641 0.324513
-0.053191 0.333410 0.326728
-0.051189 0.336294 0.329035
-0.049186 0.339292 0.331434
-0.047184 0.342405 0.333924
-0.045181 0.345631 0.336504
-0.043179 0.348969 0.339175
-0.041176 0.352418 0.341935
-0.039174 0.355979 0.344783
-0.037171 0.359649 0.347719
-0.035169 0.363428 0.350743
-0.033166 0.367315 0.353852
-0.031164 0.371310 0.357048
-0.029161 0.375410 0.360328
-0.027159 0.379615 0.363692
-0.025156 0.383924 0.367139
-0.023154 0.388336 0.370669
-0.021151 0.392850 0.374280
-0.019149 0.397465 0.377972
-0.017146 0.402179 0.381743
-0.015144 0.406992 0.385593
-0.013141 0.411902 0.389521
-0.011139 0.416908 0.393526
-0.009136 0.422008 0.397607
-0.007134 0.427202 0.401762
-0.005131 0.432489 0.405991
-0.003129 0.437866 0.410293
-0.001126 0.443333 0.414666
0.000876 0.448888 0.419110
0.002879 0.454530 0.423624
0.004881 0.460257 0.428206
0.006884 0.466068 0.432855
0.008886 0.471962 0.437570
0.010889 0.477937 0.442350
0.012891 0.483992 0.447194
0.014894 0.490125 0.452100
0.016896 0.496335 0.457068
0.018899 0.502619 0.462095
0.020901 0.508978 0.467182
0.022904 0.515408 0.472326
0.024906 0.521908 0.477527
0.026909 0.528478 0.482782
0.028911 0.535114 0.488092
0.030914 0.541817 0.493453
0.032916 0.548583 0.498866
0.034919 0.555411 0.504329
0.036921 0.562299 0.509839
0.038924 0.569247 0.515397
0.040926 0.576251 0.521001
0.042929 0.583311 0.526649
0.044931 0.590425 0.532340
0.046934 0.597590 0.538072
0.048936 0.604805 0.543844
0.050939 0.612069 0.549655
0.052941 0.619379 0.555503
0.054944 0.626734 0.561387
0.056946 0.634132 0.567305
0.058949 0.641570 0.573256
0.060951 0.649048 0.579239
0.062954 0.656564 0.585251
0.064956 0.664114 0.591291
0.066959 0.671699 0.597359
0.068961 0.679315 0.603452
0.070964 0.686961 0.609568
0.072966 0.694634 0.615708
0.074969 0.702334 0.621867
0.076971 0.710058 0.628047
0.078974 0.717805 0.634244
0.080976 0.725571 0.640457
0.082979 0.733357 0.646685
0.084981 0.741158 0.652926
0.086984 0.748974 0.659179
0.088986 0.756803 0.665442
0.090989 0.764642 0.671714
0.092991 0.772491 0.677992
0.094994 0.780346 0.684276
0.096996 0.788205 0.690564
0.098999 0.796068 0.696855
0.101001 0.803932 0.703145
0.103004 0.811795 0.709436
0.105006 0.819654 0.715724
0.107009 0.827509 0.722008
0.109011 0.835358 0.728286
0.111014 0.843197 0.734558
0.113016 0.851026 0.740821
0.115019 0.858842 0.747074
0.117021 0.866643 0.753315
0.119024 0.874429 0.759543
0.121026 0.882195 0.765756
0.123029 0.889942 0.771953
0.125031 0.897666 0.778133
0.127034 0.905366 0.784292
0.129036 0.913039 0.790432
0.131039 0.920685 0.796548
0.133041 0.928301 0.802641
0.135044 0.935886 0.808709
0.137046 0.943436 0.814749
0.139049 0.950952 0.820761
0.141051 0.958430 0.826744
0.143054 0.965868 0.832695
0.145056 0.973266 0.838613
0.147059 0.980621 0.844497
0.149061 0.987931 0.850345
0.151064 0.995195 0.856156
0.153066 1.002410 0.861928
0.155069 1.009575 0.867660
0.157071 1.016689 0.873351
0.159074 1.023749 0.878999
0.161076 1.030753 0.884603
0.163079 1.037701 0.890161
0.165081 1.044589 0.895671
0.167084 1.051417 0.901134
0.169086 1.058183 0.906547
0.171089 1.064886 0.911908
0.173091 1.071522 0.917218
0.175094 1.078092 0.922473
0.177096 1.084592 0.927674
0.179099 1.091022 0.932818
0.181101 1.097381 0.937905
0.183104 1.103665 0.942932
0.185106 1.109875 0.947900
0.187109 1.116008 0.952806
0.189111 1.122063 0.957650
0.191114 1.128038 0.962430
0.193116 1.133932 0.967145
0.195119 1.139743 0.971794
0.197121 1.145470 0.976376
0.199124 1.151112 0.980890
0.201126 1.156667 0.985334
0.203129 1.162134 0.989707
0.205131 1.167511 0.994009
0.207134 1.172798 0.998238
0.209136 1.177992 1.002393
0.211139 1.183092 1.006474
0.213141 1.188098 1.010479
0.215144 1.193008 1.014407
0.217146 1.197821 1.018257
0.219149 1.202535 1.022028
0.221151 1.207150 1.025720
0.223154 1.211664 1.029331
0.225156 1.216076 1.032861
0.227159 1.220385 1.036308
0.229161 1.224590 1.039672
0.231164 1.228690 1.042952
0.233166 1.232685 1.046148
0.235169 1.236572 1.049257
0.237171 1.240351 1.052281
0.239174 1.244021 1.055217
0.241176 1.247582 1.058065
0.243179 1.251031 1.060825
0.245181 1.254369 1.063496
0.247184 1.257595 1.066076
0.249186 1.260708 1.068566
0.251189 1.263706 1.070965
0.253191 1.266590 1.073272
0.255194 1.269359 1.075487
0.257196 1.272011 1.077609
0.259199 1.274547 1.079637
0.261202 1.276965 1.081572
0.263204 1.279265 1.083412
0.265207 1.281447 1.085158
0.267209 1.283510 1.086808
0.269212 1.285453 1.088362
0.271214 1.287276 1.089821
0.273217 1.288978 1.091183
0.275219 1.290560 1.092448
0.277222 1.292020 1.093616
0.279224 1.293358 1.094687
0.281227 1.294575 1.095660
0.283229 1.295669 1.096535
0.285232 1.296640 1.097312
0.287234 1.297489 1.097991
0.289237 1.298214 1.098572
0.291239 1.298817 1.099053
0.293242 1.299296 1.099437
0.295244 1.299651 1.099721
0.297247 1.299883 1.099906
0.299249 1.299991 1.099993
0.301252 1.299976 1.099981
0.303254 1.299837 1.099869
0.305257 1.299574 1.099659
0.307259 1.299188 1.099350
0.309262 1.298678 1.098942
0.311264 1.298045 1.098436
0.313267 1.297288 1.097831
0.315269 1.296409 1.097127
0.317272 1.295407 1.096325
0.319274 1.294282 1.095426
0.321277 1.293035 1.094428
0.323279 1.291666 1.093333
0.325282 1.290176 1.092141
0.327284 1.288564 1.090851
0.329287 1.286831 1.089465
0.331289 1.284978 1.087983
0.333292 1.283005 1.086404
0.335294 1.280913 1.084730
0.337297 1.278701 1.082961
0.339299 1.276372 1.081097
0.341302 1.273924 1.079139
0.343304 1.271359 1.077087
0.345307 1.268678 1.074942
0.347309 1.265880 1.072704
0.349312 1.262967 1.070374
0.351314 1.259940 1.067952
0.353317 1.256799 1.065440
0.355319 1.253545 1.062836
0.357322 1.250179 1.060143
0.359324 1.246702 1.057362
0.361327 1.243114 1.054491
0.363329 1.239416 1.051533
0.365332 1.235610 1.048488
0.367334 1.231696 1.045357
0.369337 1.227675 1.042140
0.371339 1.223549 1.038839
0.373342 1.219317 1.035454
0.375344 1.214982 1.031986
0.377347 1.210545 1.028436
0.379349 1.206005 1.024804
0.381352 1.201366 1.021093
0.383354 1.196627 1.017301
0.385357 1.191790 1.013432
0.387359 1.186856 1.009485
0.389362 1.181826 1.005461
0.391364 1.176702 1.001362
0.393367 1.171485 0.997188
0.395369 1.166176 0.992940
0.397372 1.160776 0.988621
0.399374 1.155287 0.984229
0.401377 1.149710 0.979768
0.403379 1.144047 0.975237
0.405382 1.138298 0.970638
0.407384 1.132466 0.965973
0.409387 1.126552 0.961241
0.411389 1.120556 0.956445
0.413392 1.114482 0.951586
0.415394 1.108330 0.946664
0.417397 1.102101 0.941681
0.419399 1.095798 0.936638
0.421402 1.089422 0.931537
0.423404 1.082974 0.926379
0.425407 1.076456 0.921164
0.427409 1.069869 0.915895
0.429412 1.063216 0.910573
0.431414 1.056498 0.905198
0.433417 1.049716 0.899773
0.435419 1.042873 0.894298
0.437422 1.035969 0.888775
0.439424 1.029007 0.883206
0.441427 1.021989 0.877591
0.443429 1.014915 0.871932
0.445432 1.007789 0.866231
0.447434 1.000611 0.860489
0.449437 0.993383 0.854707
0.451439 0.986108 0.848886
0.453442 0.978786 0.843029
0.455444 0.971421 0.837136
0.457447 0.964012 0.831210
0.459449 0.956564 0.825251
0.461452 0.949076 0.819261
0.463454 0.941552 0.813242
0.465457 0.933993 0.807194
0.467459 0.926400 0.801120
0.469462 0.918777 0.795021
0.471464 0.911124 0.788899
0.473467 0.903443 0.782754
0.475469 0.895737 0.776589
0.477472 0.888007 0.770406
0.479474 0.880255 0.764204
0.481477 0.872484 0.757987
0.483479 0.864695 0.751756
0.485482 0.856889 0.745511
0.487484 0.849070 0.739256
0.489487 0.841238 0.732990
0.491489 0.833396 0.726717
0.493492 0.825546 0.720437
0.495494 0.817690 0.714152
0.497497 0.809829 0.707863
0.499499 0.801966 0.701573
0.501502 0.794102 0.695282
0.503504 0.786240 0.688992
0.505507 0.778381 0.682705
0.507509 0.770528 0.676422
0.509512 0.762682 0.670145
0.511514 0.754845 0.663876
0.513517 0.747019 0.657615
0.515519 0.739206 0.651365
0.517522 0.731409 0.645127
0.519524 0.723628 0.638902
0.521527 0.715866 0.632693
0.523529 0.708125 0.626500
0.525532 0.700407 0.620326
0.527534 0.692713 0.614171
0.529537 0.685046 0.608037
0.531539 0.677408 0.601926
0.533542 0.669799 0.595840
0.535544 0.662223 0.589779
0.537547 0.654681 0.583745
0.539549 0.647175 0.577740
0.541552 0.639707 0.571766
0.543554 0.632278 0.565823
0.545557 0.624891 0.559913
0.547559 0.617547 0.554038
0.549562 0.610249 0.548199
0.551564 0.602997 0.542398
0.553567 0.595794 0.536635
0.555569 0.588641 0.530913
0.557572 0.581541 0.525233
0.559574 0.574495 0.519596
0.561577 0.567505 0.514004
0.563579 0.560572 0.508457
0.565582 0.553698 0.502958
0.567584 0.546885 0.497508
0.569587 0.540135 0.492108
0.571589 0.533449 0.486759
0.573592 0.526829 0.481463
0.575594 0.520277 0.476221
0.577597 0.513794 0.471035
0.579599 0.507381 0.465905
0.581602 0.501041 0.460833
0.583605 0.494775 0.455820
0.585607 0.488585 0.450868
0.587610 0.482471 0.445977
0.589612 0.476436 0.441149
0.591615 0.470481 0.436385
0.593617 0.464608 0.431686
0.595620 0.458817 0.427054
0.597622 0.453111 0.422489
0.599625 0.447491 0.417993
0.601627 0.441958 0.413566
0.603630 0.436513 0.409210
0.605632 0.431158 0.404927
0.607635 0.425895 0.400716
0.609637 0.420724 0.396579
0.611640 0.415647 0.392518
0.613642 0.410665 0.388532
0.615645 0.405780 0.384624
0.617647 0.400991 0.380793
0.619650 0.396302 0.377042
0.621652 0.391712 0.373370
0.623655 0.387224 0.369779
0.625657 0.382837 0.366270
0.627660 0.378554 0.362843
0.629662 0.374375 0.359500
0.631665 0.370301 0.356241
0.633667 0.366333 0.353067
0.635670 0.362473 0.349979
0.637672 0.358721 0.346977
0.639675 0.355078 0.344063
0.641677 0.351546 0.341236
0.643680 0.348124 0.338499
0.645682 0.344814 0.335851
0.647685 0.341616 0.333293
0.649687 0.338532 0.330825
0.651690 0.335562 0.328449
0.653692 0.332707 0.326165
0.655695 0.329967 0.323974
0.657697 0.327344 0.321875
0.659700 0.324838 0.319870
0.661702 0.322449 0.317959
0.663705 0.320178 0.316142
0.665707 0.318026 0.314421
0.667710 0.315993 0.312795
0.669712 0.314080 0.311264
0.671715 0.312287 0.309830
0.673717 0.310615 0.308492
0.675720 0.309064 0.307251
0.677722 0.307634 0.306107
0.679725 0.306326 0.305061
0.681727 0.305140 0.304112
0.683730 0.304077 0.303261
0.685732 0.303136 0.302509
0.687735 0.302318 0.301855
0.689737 0.301623 0.301299
0.691740 0.301052 0.300841
0.693742 0.300604 0.300483
0.695745 0.300279 0.300223
0.697747 0.300078 0.300063
0.699750 0.300001 0.300001
0.701752 0.300047 0.300038
0.703755 0.300217 0.300174
0.705757 0.300511 0.300409
0.707760 0.300928 0.300743
0.709762 0.301469 0.301175
0.711765 0.302133 0.301706
0.713767 0.302920 0.302336
0.715770 0.303830 0.303064
0.717772 0.304863 0.303890
0.719775 0.306018 0.304815
0.721777 0.307296 0.305837
0.723780 0.308695 0.306956
0.725782 0.310216 0.308173
0.727785 0.311858 0.309486
0.729787 0.313621 0.310897
0.731790 0.315504 0.312403
0.733792 0.317507 0.314005
0.735795 0.319629 0.315703
0.737797 0.321870 0.317496
0.739800 0.324229 0.319383
0.741802 0.326706 0.321365
0.743805 0.329300 0.323440
0.745807 0.332011 0.325609
0.747810 0.334837 0.327870
0.749812 0.337779 0.330223
0.751815 0.340834 0.332667
0.753817 0.344004 0.335203
0.755820 0.347286 0.337828
0.757822 0.350680 0.340544
0.759825 0.354185 0.343348
0.761827 0.357800 0.346240
0.763830 0.361525 0.349220
0.765832 0.365358 0.352287
0.767835 0.369299 0.355439
0.769837 0.373346 0.358677
0.771840 0.377499 0.361999
0.773842 0.381757 0.365405
0.775845 0.386117 0.368894
0.777847 0.390581 0.372465
0.779850 0.395145 0.376116
0.781852 0.399810 0.379848
0.783855 0.404573 0.383659
0.785857 0.409435 0.387548
0.787860 0.414393 0.391514
0.789862 0.419446 0.395557
0.791865 0.424594 0.399675
0.793867 0.429834 0.403867
0.795870 0.435166 0.408133
0.797872 0.440588 0.412471
0.799875 0.446099 0.416879
0.801877 0.451698 0.421358
0.803880 0.457383 0.425906
0.805882 0.463152 0.430522
0.807885 0.469005 0.435204
0.809887 0.474940 0.439952
0.811890 0.480955 0.444764
0.813892 0.487049 0.449639
0.815895 0.493220 0.454576
0.817897 0.499468 0.459574
0.819900 0.505789 0.464631
0.821902 0.512184 0.469747
0.823905 0.518649 0.474920
0.825907 0.525185 0.480148
0.827910 0.531788 0.485430
0.829912 0.538457 0.490766
0.831915 0.545192 0.496153
0.833917 0.551989 0.501591
0.835920 0.558848 0.507078
0.837922 0.565766 0.512613
0.839925 0.572742 0.518194
0.841927 0.579774 0.523820
0.843930 0.586861 0.529489
0.845932 0.594001 0.535201
0.847935 0.601192 0.540953
0.849937 0.608431 0.546745
0.851940 0.615718 0.552575
0.853942 0.623051 0.558441
0.855945 0.630428 0.564342
0.857947 0.637846 0.570277
0.859950 0.645305 0.576244
0.861952 0.652801 0.582241
0.863955 0.660335 0.588268
0.865957 0.667902 0.594322
0.867960 0.675503 0.600402
0.869962 0.683134 0.606507
0.871965 0.690794 0.612635
0.873967 0.698481 0.618785
0.875970 0.706193 0.624955
0.877972 0.713929 0.631143
0.879975 0.721686 0.637349
0.881977 0.729462 0.643569
0.883980 0.737255 0.649804
0.885982 0.745064 0.656052
0.887985 0.752887 0.662310
0.889987 0.760721 0.668577
0.891990 0.768565 0.674852
0.893992 0.776417 0.681134
0.895995 0.784275 0.687420
0.897997 0.792137 0.693709
0.900000 0.800000 0.700000
