-0.700000 0.800000 0.500000
-0.697997 0.807863 0.500000
-0.695995 0.815725 0.500000
-0.693992 0.823583 0.500000
-0.691990 0.831435 0.500000
-0.689987 0.839279 0.500000
-0.687985 0.847113 0.500000
-0.685982 0.854936 0.500000
-0.683980 0.862745 0.500000
-0.681977 0.870538 0.500000
-0.679975 0.878314 0.500000
-0.677972 0.886071 0.500000
-0.675970 0.893807 0.500000
-0.673967 0.901519 0.500000
-0.671965 0.909206 0.500000
-0.669962 0.916866 0.500000
-0.667960 0.924497 0.500000
-0.665957 0.932098 0.500000
-0.663955 0.939665 0.500000
-0.661952 0.947199 0.500000
-0.659950 0.954695 0.500000
-0.657947 0.962154 0.500000
-0.655945 0.969572 0.500000
-0.653942 0.976949 0.500000
-0.651940 0.984282 0.500000
-0.649937 0.991569 0.500000
-0.647935 0.998808 0.500000
-0.645932 1.005999 0.500000
-0.643930 1.013139 0.500000
-0.641927 1.020226 0.500000
-0.639925 1.027258 0.500000
-0.637922 1.034234 0.500000
-0.635920 1.041152 0.500000
-0.633917 1.048011 0.500000
-0.631915 1.054808 0.500000
-0.629912 1.061543 0.500000
-0.627910 1.068212 0.500000
-0.625907 1.074815 0.500000
-0.623905 1.081351 0.500000
-0.621902 1.087816 0.500000
-0.619900 1.094211 0.500000
-0.617897 1.100532 0.500000
-0.615895 1.106780 0.500000
-0.613892 1.112951 0.500000
-0.611890 1.119045 0.500000
-0.609887 1.125060 0.500000
-0.607885 1.130995 0.500000
-0.605882 1.136848 0.500000
-0.603880 1.142617 0.500000
-0.601877 1.148302 0.500000
-0.599875 1.153901 0.500000
-0.597872 1.159412 0.500000
-0.595870 1.164834 0.500000
-0.593867 1.170166 0.500000
-0.591865 1.175406 0.500000
-0.589862 1.180554 0.500000
-0.587860 1.185607 0.500000
-0.585857 1.190565 0.500000
-0.583855 1.195427 0.500000
-0.581852 1.200190 0.500000
-0.579850 1.204855 0.500000
-0.577847 1.209419 0.500000
-0.575845 1.213883 0.500000
-0.573842 1.218243 0.500000
-0.571840 1.222501 0.500000
-0.569837 1.226654 0.500000
-0.567835 1.230701 0.500000
-0.565832 1.234642 0.500000
-0.563830 1.238475 0.500000
-0.561827 1.242200 0.500000
-0.559825 1.245815 0.500000
-0.557822 1.249320 0.500000
-0.555820 1.252714 0.500000
-0.553817 1.255996 0.500000
-0.551815 1.259166 0.500000
-0.549812 1.262221 0.500000
-0.547810 1.265163 0.500000
-0.545807 1.267989 0.500000
-0.543805 1.270700 0.500000
-0.541802 1.273294 0.500000
-0.539800 1.275771 0.500000
-0.537797 1.278130 0.500000
-0.535795 1.280371 0.500000
-0.533792 1.282493 0.500000
-0.531790 1.284496 0.500000
-0.529787 1.286379 0.500000
-0.527785 1.288142 0.500000
-0.525782 1.289784 0.500000
-0.523780 1.291305 0.500000
-0.521777 1.292704 0.500000
-0.519775 1.293982 0.500000
-0.517772 1.295137 0.500000
-0.515770 1.296170 0.500000
-0.513767 1.297080 0.500000
-0.511765 1.297867 0.500000
-0.509762 1.298531 0.500000
-0.507760 1.299072 0.500000
-0.505757 1.299489 0.500000
-0.503755 1.299783 0.500000
-0.501752 1.299953 0.500000
-0.499750 1.299999 0.500000
-0.497747 1.299922 0.500000
-0.495745 1.299721 0.500000
-0.493742 1.299396 0.500000
-0.491740 1.298948 0.500000
-0.489737 1.298377 0.500000
-0.487735 1.297682 0.500000
-0.485732 1.296864 0.500000
-0.483730 1.295923 0.500000
-0.481727 1.294860 0.500000
-0.479725 1.293674 0.500000
-0.477722 1.292366 0.500000
-0.475720 1.290936 0.500000
-0.473717 1.289385 0.500000
-0.471715 1.287713 0.500000
-0.469712 1.285920 0.500000
-0.467710 1.284007 0.500000
-0.465707 1.281974 0.500000
-0.463705 1.279822 0.500000
-0.461702 1.277551 0.500000
-0.459700 1.275162 0.500000
-0.457697 1.272656 0.500000
-0.455695 1.270033 0.500000
-0.453692 1.267293 0.500000
-0.451690 1.264438 0.500000
-0.449687 1.261468 0.500000
-0.447685 1.258384 0.500000
-0.445682 1.255186 0.500000
-0.443680 1.251876 0.500000
-0.441677 1.248454 0.500000
-0.439675 1.244922 0.500000
-0.437672 1.241279 0.500000
-0.435670 1.237527 0.500000
-0.433667 1.233667 0.500000
-0.431665 1.229699 0.500000
-0.429662 1.225625 0.500000
-0.427660 1.221446 0.500000
-0.425657 1.217163 0.500000
-0.423655 1.212776 0.500000
-0.421652 1.208288 0.500000
-0.419650 1.203698 0.500000
-0.417647 1.199009 0.500000
-0.415645 1.194220 0.500000
-0.413642 1.189335 0.500000
-0.411640 1.184353 0.500000
-0.409637 1.179276 0.500000
-0.407635 1.174105 0.500000
-0.405632 1.168842 0.500000
-0.403630 1.163487 0.500000
-0.401627 1.158042 0.500000
-0.399625 1.152509 0.500000
-0.397622 1.146889 0.500000
-0.395620 1.141183 0.500000
-0.393617 1.135392 0.500000
-0.391615 1.129519 0.500000
-0.389612 1.123564 0.500000
-0.387610 1.117529 0.500000
-0.385607 1.111415 0.500000
-0.383605 1.105225 0.500000
-0.381602 1.098959 0.500000
-0.379599 1.092619 0.500000
-0.377597 1.086206 0.500000
-0.375594 1.079723 0.500000
-0.373592 1.073171 0.500000
-0.371589 1.066551 0.500000
-0.369587 1.059865 0.500000
-0.367584 1.053115 0.500000
-0.365582 1.046302 0.500000
-0.363579 1.039428 0.500000
-0.361577 1.032495 0.500000
-0.359574 1.025505 0.500000
-0.357572 1.018459 0.500000
-0.355569 1.011359 0.500000
-0.353567 1.004206 0.500000
-0.351564 0.997003 0.500000
-0.349562 0.989751 0.500000
-0.347559 0.982453 0.500000
-0.345557 0.975109 0.500000
-0.343554 0.967722 0.500000
-0.341552 0.960293 0.500000
-0.339549 0.952825 0.500000
-0.337547 0.945319 0.500000
-0.335544 0.937777 0.500000
-0.333542 0.930201 0.500000
-0.331539 0.922592 0.500000
-0.329537 0.914954 0.500000
-0.327534 0.907287 0.500000
-0.325532 0.899593 0.500000
-0.323529 0.891875 0.500000
-0.321527 0.884134 0.500000
-0.319524 0.876372 0.500000
-0.317522 0.868591 0.500000
-0.315519 0.860794 0.500000
-0.313517 0.852981 0.500000
-0.311514 0.845155 0.500000
-0.309512 0.837318 0.500000
-0.307509 0.829472 0.500000
-0.305507 0.821619 0.500000
-0.303504 0.813760 0.500000
-0.301502 0.805898 0.500000
-0.299499 0.798034 0.500000
-0.297497 0.790171 0.500000
-0.295494 0.782310 0.500000
-0.293492 0.774454 0.500000
-0.291489 0.766604 0.500000
-0.289487 0.758762 0.500000
-0.287484 0.750930 0.500000
-0.285482 0.743111 0.500000
-0.283479 0.735305 0.500000
-0.281477 0.727516 0.500000
-0.279474 0.719745 0.500000
-0.277472 0.711993 0.500000
-0.275469 0.704263 0.500000
-0.273467 0.696557 0.500000
-0.271464 0.688876 0.500000
-0.269462 0.681223 0.500000
-0.267459 0.673600 0.500000
-0.265457 0.666007 0.500000
-0.263454 0.658448 0.500000
-0.261452 0.650924 0.500000
-0.259449 0.643436 0.500000
-0.257447 0.635988 0.500000
-0.255444 0.628579 0.500000
-0.253442 0.621214 0.500000
-0.251439 0.613892 0.500000
-0.249437 0.606617 0.500000
-0.247434 0.599389 0.500000
-0.245432 0.592211 0.500000
-0.243429 0.585085 0.500000
-0.241427 0.578011 0.500000
-0.239424 0.570993 0.500000
-0.237422 0.564031 0.500000
-0.235419 0.557127 0.500000
-0.233417 0.550284 0.500000
-0.231414 0.543502 0.500000
-0.229412 0.536784 0.500000
-0.227409 0.530131 0.500000
-0.225407 0.523544 0.500000
-0.223404 0.517026 0.500000
-0.221402 0.510578 0.500000
-0.219399 0.504202 0.500000
-0.217397 0.497899 0.500000
-0.215394 0.491670 0.500000
-0.213392 0.485518 0.500000
-0.211389 0.479444 0.500000
-0.209387 0.473448 0.500000
-0.207384 0.467534 0.500000
-0.205382 0.461702 0.500000
-0.203379 0.455953 0.500000
-0.201377 0.450290 0.500000
-0.199374 0.444713 0.500000
-0.197372 0.439224 0.500000
-0.195369 0.433824 0.500000
-0.193367 0.428515 0.500000
-0.191364 0.423298 0.500000
-0.189362 0.418174 0.500000
-0.187359 0.413144 0.500000
-0.185357 0.408210 0.500000
-0.183354 0.403373 0.500000
-0.181352 0.398634 0.500000
-0.179349 0.393995 0.500000
-0.177347 0.389455 0.500000
-0.175344 0.385018 0.500000
-0.173342 0.380683 0.500000
-0.171339 0.376451 0.500000
-0.169337 0.372325 0.500000
-0.167334 0.368304 0.500000
-0.165332 0.364390 0.500000
-0.163329 0.360584 0.500000
-0.161327 0.356886 0.500000
-0.159324 0.353298 0.500000
-0.157322 0.349821 0.500000
-0.155319 0.346455 0.500000
-0.153317 0.343201 0.500000
-0.151314 0.340060 0.500000
-0.149312 0.337033 0.500000
-0.147309 0.334120 0.500000
-0.145307 0.331322 0.500000
-0.143304 0.328641 0.500000
-0.141302 0.326076 0.500000
-0.139299 0.323628 0.500000
-0.137297 0.321299 0.500000
-0.135294 0.319087 0.500000
-0.133292 0.316995 0.500000
-0.131289 0.315022 0.500000
-0.129287 0.313169 0.500000
-0.127284 0.311436 0.500000
-0.125282 0.309824 0.500000
-0.123279 0.308334 0.500000
-0.121277 0.306965 0.500000
-0.119274 0.305718 0.500000
-0.117272 0.304593 0.500000
-0.115269 0.303591 0.500000
-0.113267 0.302712 0.500000
-0.111264 0.301955 0.500000
-0.109262 0.301322 0.500000
-0.107259 0.300812 0.500000
-0.105257 0.300426 0.500000
-0.103254 0.300163 0.500000
-0.101252 0.300024 0.500000
-0.099249 0.300009 0.500000
-0.097247 0.300117 0.500000
-0.095244 0.300349 0.500000
-0.093242 0.300704 0.500000
-0.091239 0.301183 0.500000
-0.089237 0.301786 0.500000
-0.087234 0.302511 0.500000
-0.085232 0.303360 0.500000
-0.083229 0.304331 0.500000
-0.081227 0.305425 0.500000
-0.079224 0.306642 0.500000
-0.077222 0.307980 0.500000
-0.075219 0.309440 0.500000
-0.073217 0.311022 0.500000
-0.071214 0.312724 0.500000
-0.069212 0.314547 0.500000
-0.067209 0.316490 0.500000
-0.065207 0.318553 0.500000
-0.063204 0.320735 0.500000
-0.061202 0.323035 0.500000
-0.059199 0.325453 0.500000
-0.057196 0.327989 0.500000
-0.055194 0.330641 0.500000
-0.053191 0.333410 0.500000
-0.051189 0.336294 0.500000
-0.049186 0.339292 0.500000
-0.047184 0.342405 0.500000
-0.045181 0.345631 0.500000
-0.043179 0.348969 0.500000
-0.041176 0.352418 0.500000
-0.039174 0.355979 0.500000
-0.037171 0.359649 0.500000
-0.035169 0.363428 0.500000
-0.033166 0.367315 0.500000
-0.031164 0.371310 0.500000
-0.029161 0.375410 0.500000
-0.027159 0.379615 0.500000
-0.025156 0.383924 0.500000
-0.023154 0.388336 0.500000
-0.021151 0.392850 0.500000
-0.019149 0.397465 0.500000
-0.017146 0.402179 0.500000
-0.015144 0.406992 0.500000
-0.013141 0.411902 0.500000
-0.011139 0.416908 0.500000
-0.009136 0.422008 0.500000
-0.007134 0.427202 0.500000
-0.005131 0.432489 0.500000
-0.003129 0.437866 0.500000
-0.001126 0.443333 0.500000
0.000876 0.448888 0.500000
0.002879 0.454530 0.500000
0.004881 0.460257 0.500000
0.006884 0.466068 0.500000
0.008886 0.471962 0.500000
0.010889 0.477937 0.500000
0.012891 0.483992 0.500000
0.014894 0.490125 0.500000
0.016896 0.496335 0.500000
0.018899 0.502619 0.500000
0.020901 0.508978 0.500000
0.022904 0.515408 0.500000
0.024906 0.521908 0.500000
0.026909 0.528478 0.500000
0.028911 0.535114 0.500000
0.030914 0.541817 0.500000
0.032916 0.548583 0.500000
0.034919 0.555411 0.500000
0.036921 0.562299 0.500000
0.038924 0.569247 0.500000
0.040926 0.576251 0.500000
0.042929 0.583311 0.500000
0.044931 0.590425 0.500000
0.046934 0.597590 0.500000
0.048936 0.604805 0.500000
0.050939 0.612069 0.500000
0.052941 0.619379 0.500000
0.054944 0.626734 0.500000
0.056946 0.634132 0.500000
0.058949 0.641570 0.500000
0.060951 0.649048 0.500000
0.062954 0.656564 0.500000
0.064956 0.664114 0.500000
0.066959 0.671699 0.500000
0.068961 0.679315 0.500000
0.070964 0.686961 0.500000
0.072966 0.694634 0.500000
0.074969 0.702334 0.500000
0.076971 0.710058 0.500000
0.078974 0.717805 0.500000
0.080976 0.725571 0.500000
0.082979 0.733357 0.500000
0.084981 0.741158 0.500000
0.086984 0.748974 0.500000
0.088986 0.756803 0.500000
0.090989 0.764642 0.500000
0.092991 0.772491 0.500000
0.094994 0.780346 0.500000
0.096996 0.788205 0.500000
0.098999 0.796068 0.500000
0.101001 0.803932 0.500000
0.103004 0.811795 0.500000
0.105006 0.819654 0.500000
0.107009 0.827509 0.500000
0.109011 0.835358 0.500000
0.111014 0.843197 0.500000
0.113016 0.851026 0.500000
0.115019 0.858842 0.500000
0.117021 0.866643 0.500000
0.119024 0.874429 0.500000
0.121026 0.882195 0.500000
0.123029 0.889942 0.500000
0.125031 0.897666 0.500000
0.127034 0.905366 0.500000
0.129036 0.913039 0.500000
0.131039 0.920685 0.500000
0.133041 0.928301 0.500000
0.135044 0.935886 0.500000
0.137046 0.943436 0.500000
0.139049 0.950952 0.500000
0.141051 0.958430 0.500000
0.143054 0.965868 0.500000
0.145056 0.973266 0.500000
0.147059 0.980621 0.500000
0.149061 0.987931 0.500000
0.151064 0.995195 0.500000
0.153066 1.002410 0.500000
0.155069 1.009575 0.500000
0.157071 1.016689 0.500000
0.159074 1.023749 0.500000
0.161076 1.030753 0.500000
0.163079 1.037701 0.500000
0.165081 1.044589 0.500000
0.167084 1.051417 0.500000
0.169086 1.058183 0.500000
0.171089 1.064886 0.500000
0.173091 1.071522 0.500000
0.175094 1.078092 0.500000
0.177096 1.084592 0.500000
0.179099 1.091022 0.500000
0.181101 1.097381 0.500000
0.183104 1.103665 0.500000
0.185106 1.109875 0.500000
0.187109 1.116008 0.500000
0.189111 1.122063 0.500000
0.191114 1.128038 0.500000
0.193116 1.133932 0.500000
0.195119 1.139743 0.500000
0.197121 1.145470 0.500000
0.199124 1.151112 0.500000
0.201126 1.156667 0.500000
0.203129 1.162134 0.500000
0.205131 1.167511 0.500000
0.207134 1.172798 0.500000
0.209136 1.177992 0.500000
0.211139 1.183092 0.500000
0.213141 1.188098 0.500000
0.215144 1.193008 0.500000
0.217146 1.197821 0.500000
0.219149 1.202535 0.500000
0.221151 1.207150 0.500000
0.223154 1.211664 0.500000
0.225156 1.216076 0.500000
0.227159 1.220385 0.500000
0.229161 1.224590 0.500000
0.231164 1.228690 0.500000
0.233166 1.232685 0.500000
0.235169 1.236572 0.500000
0.237171 1.240351 0.500000
0.239174 1.244021 0.500000
0.241176 1.247582 0.500000
0.243179 1.251031 0.500000
0.245181 1.254369 0.500000
0.247184 1.257595 0.500000
0.249186 1.260708 0.500000
0.251189 1.263706 0.500000
0.253191 1.266590 0.500000
0.255194 1.269359 0.500000
0.257196 1.272011 0.500000
0.259199 1.274547 0.500000
0.261202 1.276965 0.500000
0.263204 1.279265 0.500000
0.265207 1.281447 0.500000
0.267209 1.283510 0.500000
0.269212 1.285453 0.500000
0.271214 1.287276 0.500000
0.273217 1.288978 0.500000
0.275219 1.290560 0.500000
0.277222 1.292020 0.500000
0.279224 1.293358 0.500000
0.281227 1.294575 0.500000
0.283229 1.295669 0.500000
0.285232 1.296640 0.500000
0.287234 1.297489 0.500000
0.289237 1.298214 0.500000
0.291239 1.298817 0.500000
0.293242 1.299296 0.500000
0.295244 1.299651 0.500000
0.297247 1.299883 0.500000
0.299249 1.299991 0.500000
0.301252 1.299976 0.500000
0.303254 1.299837 0.500000
0.305257 1.299574 0.500000
0.307259 1.299188 0.500000
0.309262 1.298678 0.500000
0.311264 1.298045 0.500000
0.313267 1.297288 0.500000
0.315269 1.296409 0.500000
0.317272 1.295407 0.500000
0.319274 1.294282 0.500000
0.321277 1.293035 0.500000
0.323279 1.291666 0.500000
0.325282 1.290176 0.500000
0.327284 1.288564 0.500000
0.329287 1.286831 0.500000
0.331289 1.284978 0.500000
0.333292 1.283005 0.500000
0.335294 1.280913 0.500000
0.337297 1.278701 0.500000
0.339299 1.276372 0.500000
0.341302 1.273924 0.500000
0.343304 1.271359 0.500000
0.345307 1.268678 0.500000
0.347309 1.265880 0.500000
0.349312 1.262967 0.500000
0.351314 1.259940 0.500000
0.353317 1.256799 0.500000
0.355319 1.253545 0.500000
0.357322 1.250179 0.500000
0.359324 1.246702 0.500000
0.361327 1.243114 0.500000
0.363329 1.239416 0.500000
0.365332 1.235610 0.500000
0.367334 1.231696 0.500000
0.369337 1.227675 0.500000
0.371339 1.223549 0.500000
0.373342 1.219317 0.500000
0.375344 1.214982 0.500000
0.377347 1.210545 0.500000
0.379349 1.206005 0.500000
0.381352 1.201366 0.500000
0.383354 1.196627 0.500000
0.385357 1.191790 0.500000
0.387359 1.186856 0.500000
0.389362 1.181826 0.500000
0.391364 1.176702 0.500000
0.393367 1.171485 0.500000
0.395369 1.166176 0.500000
0.397372 1.160776 0.500000
0.399374 1.155287 0.500000
0.401377 1.149710 0.500000
0.403379 1.144047 0.500000
0.405382 1.138298 0.500000
0.407384 1.132466 0.500000
0.409387 1.126552 0.500000
0.411389 1.120556 0.500000
0.413392 1.114482 0.500000
0.415394 1.108330 0.500000
0.417397 1.102101 0.500000
0.419399 1.095798 0.500000
0.421402 1.089422 0.500000
0.423404 1.082974 0.500000
0.425407 1.076456 0.500000
0.427409 1.069869 0.500000
0.429412 1.063216 0.500000
0.431414 1.056498 0.500000
0.433417 1.049716 0.500000
0.435419 1.042873 0.500000
0.437422 1.035969 0.500000
0.439424 1.029007 0.500000
0.441427 1.021989 0.500000
0.443429 1.014915 0.500000
0.445432 1.007789 0.500000
0.447434 1.000611 0.500000
0.449437 0.993383 0.500000
0.451439 0.986108 0.500000
0.453442 0.978786 0.500000
0.455444 0.971421 0.500000
0.457447 0.964012 0.500000
0.459449 0.956564 0.500000
0.461452 0.949076 0.500000
0.463454 0.941552 0.500000
0.465457 0.933993 0.500000
0.467459 0.926400 0.500000
0.469462 0.918777 0.500000
0.471464 0.911124 0.500000
0.473467 0.903443 0.500000
0.475469 0.895737 0.500000
0.477472 0.888007 0.500000
0.479474 0.880255 0.500000
0.481477 0.872484 0.500000
0.483479 0.864695 0.500000
0.485482 0.856889 0.500000
0.487484 0.849070 0.500000
0.489487 0.841238 0.500000
0.491489 0.833396 0.500000
0.493492 0.825546 0.500000
0.495494 0.817690 0.500000
0.497497 0.809829 0.500000
0.499499 0.801966 0.500000
0.501502 0.794102 0.500000
0.503504 0.786240 0.500000
0.505507 0.778381 0.500000
0.507509 0.770528 0.500000
0.509512 0.762682 0.500000
0.511514 0.754845 0.500000
0.513517 0.747019 0.500000
0.515519 0.739206 0.500000
0.517522 0.731409 0.500000
0.519524 0.723628 0.500000
0.521527 0.715866 0.500000
0.523529 0.708125 0.500000
0.525532 0.700407 0.500000
0.527534 0.692713 0.500000
0.529537 0.685046 0.500000
0.531539 0.677408 0.500000
0.533542 0.669799 0.500000
0.535544 0.662223 0.500000
0.537547 0.654681 0.500000
0.539549 0.647175 0.500000
0.541552 0.639707 0.500000
0.543554 0.632278 0.500000
0.545557 0.624891 0.500000
0.547559 0.617547 0.500000
0.549562 0.610249 0.500000
0.551564 0.602997 0.500000
0.553567 0.595794 0.500000
0.555569 0.588641 0.500000
0.557572 0.581541 0.500000
0.559574 0.574495 0.500000
0.561577 0.567505 0.500000
0.563579 0.560572 0.500000
0.565582 0.553698 0.500000
0.567584 0.546885 0.500000
0.569587 0.540135 0.500000
0.571589 0.533449 0.500000
0.573592 0.526829 0.500000
0.575594 0.520277 0.500000
0.577597 0.513794 0.500000
0.579599 0.507381 0.500000
0.581602 0.501041 0.500000
0.583605 0.494775 0.500000
0.585607 0.488585 0.500000
0.587610 0.482471 0.500000
0.589612 0.476436 0.500000
0.591615 0.470481 0.500000
0.593617 0.464608 0.500000
0.595620 0.458817 0.500000
0.597622 0.453111 0.500000
0.599625 0.447491 0.500000
0.601627 0.441958 0.500000
0.603630 0.436513 0.500000
0.605632 0.431158 0.500000
0.607635 0.425895 0.500000
0.609637 0.420724 0.500000
0.611640 0.415647 0.500000
0.613642 0.410665 0.500000
0.615645 0.405780 0.500000
0.617647 0.400991 0.500000
0.619650 0.396302 0.500000
0.621652 0.391712 0.500000
0.623655 0.387224 0.500000
0.625657 0.382837 0.500000
0.627660 0.378554 0.500000
0.629662 0.374375 0.500000
0.631665 0.370301 0.500000
0.633667 0.366333 0.500000
0.635670 0.362473 0.500000
0.637672 0.358721 0.500000
0.639675 0.355078 0.500000
0.641677 0.351546 0.500000
0.643680 0.348124 0.500000
0.645682 0.344814 0.500000
0.647685 0.341616 0.500000
0.649687 0.338532 0.500000
0.651690 0.335562 0.500000
0.653692 0.332707 0.500000
0.655695 0.329967 0.500000
0.657697 0.327344 0.500000
0.659700 0.324838 0.500000
0.661702 0.322449 0.500000
0.663705 0.320178 0.500000
0.665707 0.318026 0.500000
0.667710 0.315993 0.500000
0.669712 0.314080 0.500000
0.671715 0.312287 0.500000
0.673717 0.310615 0.500000
0.675720 0.309064 0.500000
0.677722 0.307634 0.500000
0.679725 0.306326 0.500000
0.681727 0.305140 0.500000
0.683730 0.304077 0.500000
0.685732 0.303136 0.500000
0.687735 0.302318 0.500000
0.689737 0.301623 0.500000
0.691740 0.301052 0.500000
0.693742 0.300604 0.500000
0.695745 0.300279 0.500000
0.697747 0.300078 0.500000
0.699750 0.300001 0.500000
0.701752 0.300047 0.500000
0.703755 0.300217 0.500000
0.705757 0.300511 0.500000
0.707760 0.300928 0.500000
0.709762 0.301469 0.500000
0.711765 0.302133 0.500000
0.713767 0.302920 0.500000
0.715770 0.303830 0.500000
0.717772 0.304863 0.500000
0.719775 0.306018 0.500000
0.721777 0.307296 0.500000
0.723780 0.308695 0.500000
0.725782 0.310216 0.500000
0.727785 0.311858 0.500000
0.729787 0.313621 0.500000
0.731790 0.315504 0.500000
0.733792 0.317507 0.500000
0.735795 0.319629 0.500000
0.737797 0.321870 0.500000
0.739800 0.324229 0.500000
0.741802 0.326706 0.500000
0.743805 0.329300 0.500000
0.745807 0.332011 0.500000
0.747810 0.334837 0.500000
0.749812 0.337779 0.500000
0.751815 0.340834 0.500000
0.753817 0.344004 0.500000
0.755820 0.347286 0.500000
0.757822 0.350680 0.500000
0.759825 0.354185 0.500000
0.761827 0.357800 0.500000
0.763830 0.361525 0.500000
0.765832 0.365358 0.500000
0.767835 0.369299 0.500000
0.769837 0.373346 0.500000
0.771840 0.377499 0.500000
0.773842 0.381757 0.500000
0.775845 0.386117 0.500000
0.777847 0.390581 0.500000
0.779850 0.395145 0.500000
0.781852 0.399810 0.500000
0.783855 0.404573 0.500000
0.785857 0.409435 0.500000
0.787860 0.414393 0.500000
0.789862 0.419446 0.500000
0.791865 0.424594 0.500000
0.793867 0.429834 0.500000
0.795870 0.435166 0.500000
0.797872 0.440588 0.500000
0.799875 0.446099 0.500000
0.801877 0.451698 0.500000
0.803880 0.457383 0.500000
0.805882 0.463152 0.500000
0.807885 0.469005 0.500000
0.809887 0.474940 0.500000
0.811890 0.480955 0.500000
0.813892 0.487049 0.500000
0.815895 0.493220 0.500000
0.817897 0.499468 0.500000
0.819900 0.505789 0.500000
0.821902 0.512184 0.500000
0.823905 0.518649 0.500000
0.825907 0.525185 0.500000
0.827910 0.531788 0.500000
0.829912 0.538457 0.500000
0.831915 0.545192 0.500000
0.833917 0.551989 0.500000
0.835920 0.558848 0.500000
0.837922 0.565766 0.500000
0.839925 0.572742 0.500000
0.841927 0.579774 0.500000
0.843930 0.586861 0.500000
0.845932 0.594001 0.500000
0.847935 0.601192 0.500000
0.849937 0.608431 0.500000
0.851940 0.615718 0.500000
0.853942 0.623051 0.500000
0.855945 0.630428 0.500000
0.857947 0.637846 0.500000
0.859950 0.645305 0.500000
0.861952 0.652801 0.500000
0.863955 0.660335 0.500000
0.865957 0.667902 0.500000
0.867960 0.675503 0.500000
0.869962 0.683134 0.500000
0.871965 0.690794 0.500000
0.873967 0.698481 0.500000
0.875970 0.706193 0.500000
0.877972 0.713929 0.500000
0.879975 0.721686 0.500000
0.881977 0.729462 0.500000
0.883980 0.737255 0.500000
0.885982 0.745064 0.500000
0.887985 0.752887 0.500000
0.889987 0.760721 0.500000
0.891990 0.768565 0.500000
0.893992 0.776417 0.500000
0.895995 0.784275 0.500000
0.897997 0.792137 0.500000
0.900000 0.800000 0.500000
