-0.700000 0.500000 0.700000
-0.697997 0.500000 0.704718
-0.695995 0.500000 0.709435
-0.693992 0.500000 0.714150
-0.691990 0.500000 0.718861
-0.689987 0.500000 0.723567
-0.687985 0.500000 0.728268
-0.685982 0.500000 0.732961
-0.683980 0.500000 0.737647
-0.681977 0.500000 0.742323
-0.679975 0.500000 0.746989
-0.677972 0.500000 0.751643
-0.675970 0.500000 0.756284
-0.673967 0.500000 0.760911
-0.671965 0.500000 0.765524
-0.669962 0.500000 0.770120
-0.667960 0.500000 0.774698
-0.665957 0.500000 0.779259
-0.663955 0.500000 0.783799
-0.661952 0.500000 0.788319
-0.659950 0.500000 0.792817
-0.657947 0.500000 0.797292
-0.655945 0.500000 0.801743
-0.653942 0.500000 0.806169
-0.651940 0.500000 0.810569
-0.649937 0.500000 0.814941
-0.647935 0.500000 0.819285
-0.645932 0.500000 0.823599
-0.643930 0.500000 0.827883
-0.641927 0.500000 0.832135
-0.639925 0.500000 0.836355
-0.637922 0.500000 0.840541
-0.635920 0.500000 0.844691
-0.633917 0.500000 0.848807
-0.631915 0.500000 0.852885
-0.629912 0.500000 0.856926
-0.627910 0.500000 0.860927
-0.625907 0.500000 0.864889
-0.623905 0.500000 0.868810
-0.621902 0.500000 0.872690
-0.619900 0.500000 0.876526
-0.617897 0.500000 0.880319
-0.615895 0.500000 0.884068
-0.613892 0.500000 0.887771
-0.611890 0.500000 0.891427
-0.609887 0.500000 0.895036
-0.607885 0.500000 0.898597
-0.605882 0.500000 0.902109
-0.603880 0.500000 0.905570
-0.601877 0.500000 0.908981
-0.599875 0.500000 0.912340
-0.597872 0.500000 0.915647
-0.595870 0.500000 0.918900
-0.593867 0.500000 0.922100
-0.591865 0.500000 0.925244
-0.589862 0.500000 0.928332
-0.587860 0.500000 0.931364
-0.585857 0.500000 0.934339
-0.583855 0.500000 0.937256
-0.581852 0.500000 0.940114
-0.579850 0.500000 0.942913
-0.577847 0.500000 0.945652
-0.575845 0.500000 0.948330
-0.573842 0.500000 0.950946
-0.571840 0.500000 0.953500
-0.569837 0.500000 0.955992
-0.567835 0.500000 0.958421
-0.565832 0.500000 0.960785
-0.563830 0.500000 0.963085
-0.561827 0.500000 0.965320
-0.559825 0.500000 0.967489
-0.557822 0.500000 0.969592
-0.555820 0.500000 0.971629
-0.553817 0.500000 0.973598
-0.551815 0.500000 0.975499
-0.549812 0.500000 0.977333
-0.547810 0.500000 0.979098
-0.545807 0.500000 0.980793
-0.543805 0.500000 0.982420
-0.541802 0.500000 0.983976
-0.539800 0.500000 0.985462
-0.537797 0.500000 0.986878
-0.535795 0.500000 0.988223
-0.533792 0.500000 0.989496
-0.531790 0.500000 0.990698
-0.529787 0.500000 0.991828
-0.527785 0.500000 0.992885
-0.525782 0.500000 0.993870
-0.523780 0.500000 0.994783
-0.521777 0.500000 0.995623
-0.519775 0.500000 0.996389
-0.517772 0.500000 0.997082
-0.515770 0.500000 0.997702
-0.513767 0.500000 0.998248
-0.511765 0.500000 0.998720
-0.509762 0.500000 0.999119
-0.507760 0.500000 0.999443
-0.505757 0.500000 0.999693
-0.503755 0.500000 0.999870
-0.501752 0.500000 0.999972
-0.499750 0.500000 0.999999
-0.497747 0.500000 0.999953
-0.495745 0.500000 0.999832
-0.493742 0.500000 0.999638
-0.491740 0.500000 0.999369
-0.489737 0.500000 0.999026
-0.487735 0.500000 0.998609
-0.485732 0.500000 0.998118
-0.483730 0.500000 0.997554
-0.481727 0.500000 0.996916
-0.479725 0.500000 0.996204
-0.477722 0.500000 0.995420
-0.475720 0.500000 0.994562
-0.473717 0.500000 0.993631
-0.471715 0.500000 0.992628
-0.469712 0.500000 0.991552
-0.467710 0.500000 0.990404
-0.465707 0.500000 0.989184
-0.463705 0.500000 0.987893
-0.461702 0.500000 0.986531
-0.459700 0.500000 0.985097
-0.457697 0.500000 0.983594
-0.455695 0.500000 0.982020
-0.453692 0.500000 0.980376
-0.451690 0.500000 0.978663
-0.449687 0.500000 0.976881
-0.447685 0.500000 0.975030
-0.445682 0.500000 0.973112
-0.443680 0.500000 0.971126
-0.441677 0.500000 0.969073
-0.439675 0.500000 0.966953
-0.437672 0.500000 0.964767
-0.435670 0.500000 0.962516
-0.433667 0.500000 0.960200
-0.431665 0.500000 0.957819
-0.429662 0.500000 0.955375
-0.427660 0.500000 0.952868
-0.425657 0.500000 0.950298
-0.423655 0.500000 0.947666
-0.421652 0.500000 0.944973
-0.419650 0.500000 0.942219
-0.417647 0.500000 0.939405
-0.415645 0.500000 0.936532
-0.413642 0.500000 0.933601
-0.411640 0.500000 0.930612
-0.409637 0.500000 0.927565
-0.407635 0.500000 0.924463
-0.405632 0.500000 0.921305
-0.403630 0.500000 0.918092
-0.401627 0.500000 0.914825
-0.399625 0.500000 0.911506
-0.397622 0.500000 0.908133
-0.395620 0.500000 0.904710
-0.393617 0.500000 0.901235
-0.391615 0.500000 0.897711
-0.389612 0.500000 0.894138
-0.387610 0.500000 0.890517
-0.385607 0.500000 0.886849
-0.383605 0.500000 0.883135
-0.381602 0.500000 0.879375
-0.379599 0.500000 0.875571
-0.377597 0.500000 0.871724
-0.375594 0.500000 0.867834
-0.373592 0.500000 0.863902
-0.371589 0.500000 0.859931
-0.369587 0.500000 0.855919
-0.367584 0.500000 0.851869
-0.365582 0.500000 0.847781
-0.363579 0.500000 0.843657
-0.361577 0.500000 0.839497
-0.359574 0.500000 0.835303
-0.357572 0.500000 0.831075
-0.355569 0.500000 0.826815
-0.353567 0.500000 0.822524
-0.351564 0.500000 0.818202
-0.349562 0.500000 0.813851
-0.347559 0.500000 0.809472
-0.345557 0.500000 0.805065
-0.343554 0.500000 0.800633
-0.341552 0.500000 0.796176
-0.339549 0.500000 0.791695
-0.337547 0.500000 0.787191
-0.335544 0.500000 0.782666
-0.333542 0.500000 0.778120
-0.331539 0.500000 0.773555
-0.329537 0.500000 0.768972
-0.327534 0.500000 0.764372
-0.325532 0.500000 0.759756
-0.323529 0.500000 0.755125
-0.321527 0.500000 0.750480
-0.319524 0.500000 0.745823
-0.317522 0.500000 0.741155
-0.315519 0.500000 0.736476
-0.313517 0.500000 0.731789
-0.311514 0.500000 0.727093
-0.309512 0.500000 0.722391
-0.307509 0.500000 0.717683
-0.305507 0.500000 0.712971
-0.303504 0.500000 0.708256
-0.301502 0.500000 0.703539
-0.299499 0.500000 0.698820
-0.297497 0.500000 0.694103
-0.295494 0.500000 0.689386
-0.293492 0.500000 0.684672
-0.291489 0.500000 0.679962
-0.289487 0.500000 0.675257
-0.287484 0.500000 0.670558
-0.285482 0.500000 0.665866
-0.283479 0.500000 0.661183
-0.281477 0.500000 0.656510
-0.279474 0.500000 0.651847
-0.277472 0.500000 0.647196
-0.275469 0.500000 0.642558
-0.273467 0.500000 0.637934
-0.271464 0.500000 0.633326
-0.269462 0.500000 0.628734
-0.267459 0.500000 0.624160
-0.265457 0.500000 0.619604
-0.263454 0.500000 0.615069
-0.261452 0.500000 0.610554
-0.259449 0.500000 0.606062
-0.257447 0.500000 0.601593
-0.255444 0.500000 0.597148
-0.253442 0.500000 0.592728
-0.251439 0.500000 0.588335
-0.249437 0.500000 0.583970
-0.247434 0.500000 0.579634
-0.245432 0.500000 0.575327
-0.243429 0.500000 0.571051
-0.241427 0.500000 0.566807
-0.239424 0.500000 0.562596
-0.237422 0.500000 0.558418
-0.235419 0.500000 0.554276
-0.233417 0.500000 0.550170
-0.231414 0.500000 0.546101
-0.229412 0.500000 0.542070
-0.227409 0.500000 0.538078
-0.225407 0.500000 0.534127
-0.223404 0.500000 0.530216
-0.221402 0.500000 0.526347
-0.219399 0.500000 0.522521
-0.217397 0.500000 0.518739
-0.215394 0.500000 0.515002
-0.213392 0.500000 0.511311
-0.211389 0.500000 0.507666
-0.209387 0.500000 0.504069
-0.207384 0.500000 0.500520
-0.205382 0.500000 0.497021
-0.203379 0.500000 0.493572
-0.201377 0.500000 0.490174
-0.199374 0.500000 0.486828
-0.197372 0.500000 0.483535
-0.195369 0.500000 0.480295
-0.193367 0.500000 0.477109
-0.191364 0.500000 0.473979
-0.189362 0.500000 0.470904
-0.187359 0.500000 0.467887
-0.185357 0.500000 0.464926
-0.183354 0.500000 0.462024
-0.181352 0.500000 0.459181
-0.179349 0.500000 0.456397
-0.177347 0.500000 0.453673
-0.175344 0.500000 0.451011
-0.173342 0.500000 0.448410
-0.171339 0.500000 0.445871
-0.169337 0.500000 0.443395
-0.167334 0.500000 0.440982
-0.165332 0.500000 0.438634
-0.163329 0.500000 0.436350
-0.161327 0.500000 0.434132
-0.159324 0.500000 0.431979
-0.157322 0.500000 0.429892
-0.155319 0.500000 0.427873
-0.153317 0.500000 0.425920
-0.151314 0.500000 0.424036
-0.149312 0.500000 0.422220
-0.147309 0.500000 0.420472
-0.145307 0.500000 0.418793
-0.143304 0.500000 0.417185
-0.141302 0.500000 0.415646
-0.139299 0.500000 0.414177
-0.137297 0.500000 0.412779
-0.135294 0.500000 0.411452
-0.133292 0.500000 0.410197
-0.131289 0.500000 0.409013
-0.129287 0.500000 0.407901
-0.127284 0.500000 0.406862
-0.125282 0.500000 0.405895
-0.123279 0.500000 0.405000
-0.121277 0.500000 0.404179
-0.119274 0.500000 0.403431
-0.117272 0.500000 0.402756
-0.115269 0.500000 0.402155
-0.113267 0.500000 0.401627
-0.111264 0.500000 0.401173
-0.109262 0.500000 0.400793
-0.107259 0.500000 0.400487
-0.105257 0.500000 0.400256
-0.103254 0.500000 0.400098
-0.101252 0.500000 0.400014
-0.099249 0.500000 0.400005
-0.097247 0.500000 0.400070
-0.095244 0.500000 0.400209
-0.093242 0.500000 0.400423
-0.091239 0.500000 0.400710
-0.089237 0.500000 0.401071
-0.087234 0.500000 0.401507
-0.085232 0.500000 0.402016
-0.083229 0.500000 0.402599
-0.081227 0.500000 0.403255
-0.079224 0.500000 0.403985
-0.077222 0.500000 0.404788
-0.075219 0.500000 0.405664
-0.073217 0.500000 0.406613
-0.071214 0.500000 0.407635
-0.069212 0.500000 0.408728
-0.067209 0.500000 0.409894
-0.065207 0.500000 0.411132
-0.063204 0.500000 0.412441
-0.061202 0.500000 0.413821
-0.059199 0.500000 0.415272
-0.057196 0.500000 0.416793
-0.055194 0.500000 0.418385
-0.053191 0.500000 0.420046
-0.051189 0.500000 0.421776
-0.049186 0.500000 0.423575
-0.047184 0.500000 0.425443
-0.045181 0.500000 0.427378
-0.043179 0.500000 0.429381
-0.041176 0.500000 0.431451
-0.039174 0.500000 0.433587
-0.037171 0.500000 0.435789
-0.035169 0.500000 0.438057
-0.033166 0.500000 0.440389
-0.031164 0.500000 0.442786
-0.029161 0.500000 0.445246
-0.027159 0.500000 0.447769
-0.025156 0.500000 0.450355
-0.023154 0.500000 0.453002
-0.021151 0.500000 0.455710
-0.019149 0.500000 0.458479
-0.017146 0.500000 0.461308
-0.015144 0.500000 0.464195
-0.013141 0.500000 0.467141
-0.011139 0.500000 0.470145
-0.009136 0.500000 0.473205
-0.007134 0.500000 0.476321
-0.005131 0.500000 0.479493
-0.003129 0.500000 0.482720
-0.001126 0.500000 0.486000
0.000876 0.500000 0.489333
0.002879 0.500000 0.492718
0.004881 0.500000 0.496154
0.006884 0.500000 0.499641
0.008886 0.500000 0.503177
0.010889 0.500000 0.506762
0.012891 0.500000 0.510395
0.014894 0.500000 0.514075
0.016896 0.500000 0.517801
0.018899 0.500000 0.521572
0.020901 0.500000 0.525387
0.022904 0.500000 0.529245
0.024906 0.500000 0.533145
0.026909 0.500000 0.537087
0.028911 0.500000 0.541069
0.030914 0.500000 0.545090
0.032916 0.500000 0.549150
0.034919 0.500000 0.553246
0.036921 0.500000 0.557380
0.038924 0.500000 0.561548
0.040926 0.500000 0.565751
0.042929 0.500000 0.569987
0.044931 0.500000 0.574255
0.046934 0.500000 0.578554
0.048936 0.500000 0.582883
0.050939 0.500000 0.587241
0.052941 0.500000 0.591628
0.054944 0.500000 0.596040
0.056946 0.500000 0.600479
0.058949 0.500000 0.604942
0.060951 0.500000 0.609429
0.062954 0.500000 0.613938
0.064956 0.500000 0.618469
0.066959 0.500000 0.623019
0.068961 0.500000 0.627589
0.070964 0.500000 0.632176
0.072966 0.500000 0.636781
0.074969 0.500000 0.641401
0.076971 0.500000 0.646035
0.078974 0.500000 0.650683
0.080976 0.500000 0.655343
0.082979 0.500000 0.660014
0.084981 0.500000 0.664695
0.086984 0.500000 0.669385
0.088986 0.500000 0.674082
0.090989 0.500000 0.678785
0.092991 0.500000 0.683494
0.094994 0.500000 0.688207
0.096996 0.500000 0.692923
0.098999 0.500000 0.697641
0.101001 0.500000 0.702359
0.103004 0.500000 0.707077
0.105006 0.500000 0.711793
0.107009 0.500000 0.716506
0.109011 0.500000 0.721215
0.111014 0.500000 0.725918
0.113016 0.500000 0.730615
0.115019 0.500000 0.735305
0.117021 0.500000 0.739986
0.119024 0.500000 0.744657
0.121026 0.500000 0.749317
0.123029 0.500000 0.753965
0.125031 0.500000 0.758599
0.127034 0.500000 0.763219
0.129036 0.500000 0.767824
0.131039 0.500000 0.772411
0.133041 0.500000 0.776981
0.135044 0.500000 0.781531
0.137046 0.500000 0.786062
0.139049 0.500000 0.790571
0.141051 0.500000 0.795058
0.143054 0.500000 0.799521
0.145056 0.500000 0.803960
0.147059 0.500000 0.808372
0.149061 0.500000 0.812759
0.151064 0.500000 0.817117
0.153066 0.500000 0.821446
0.155069 0.500000 0.825745
0.157071 0.500000 0.830013
0.159074 0.500000 0.834249
0.161076 0.500000 0.838452
0.163079 0.500000 0.842620
0.165081 0.500000 0.846754
0.167084 0.500000 0.850850
0.169086 0.500000 0.854910
0.171089 0.500000 0.858931
0.173091 0.500000 0.862913
0.175094 0.500000 0.866855
0.177096 0.500000 0.870755
0.179099 0.500000 0.874613
0.181101 0.500000 0.878428
0.183104 0.500000 0.882199
0.185106 0.500000 0.885925
0.187109 0.500000 0.889605
0.189111 0.500000 0.893238
0.191114 0.500000 0.896823
0.193116 0.500000 0.900359
0.195119 0.500000 0.903846
0.197121 0.500000 0.907282
0.199124 0.500000 0.910667
0.201126 0.500000 0.914000
0.203129 0.500000 0.917280
0.205131 0.500000 0.920507
0.207134 0.500000 0.923679
0.209136 0.500000 0.926795
0.211139 0.500000 0.929855
0.213141 0.500000 0.932859
0.215144 0.500000 0.935805
0.217146 0.500000 0.938692
0.219149 0.500000 0.941521
0.221151 0.500000 0.944290
0.223154 0.500000 0.946998
0.225156 0.500000 0.949645
0.227159 0.500000 0.952231
0.229161 0.500000 0.954754
0.231164 0.500000 0.957214
0.233166 0.500000 0.959611
0.235169 0.500000 0.961943
0.237171 0.500000 0.964211
0.239174 0.500000 0.966413
0.241176 0.500000 0.968549
0.243179 0.500000 0.970619
0.245181 0.500000 0.972622
0.247184 0.500000 0.974557
0.249186 0.500000 0.976425
0.251189 0.500000 0.978224
0.253191 0.500000 0.979954
0.255194 0.500000 0.981615
0.257196 0.500000 0.983207
0.259199 0.500000 0.984728
0.261202 0.500000 0.986179
0.263204 0.500000 0.987559
0.265207 0.500000 0.988868
0.267209 0.500000 0.990106
0.269212 0.500000 0.991272
0.271214 0.500000 0.992365
0.273217 0.500000 0.993387
0.275219 0.500000 0.994336
0.277222 0.500000 0.995212
0.279224 0.500000 0.996015
0.281227 0.500000 0.996745
0.283229 0.500000 0.997401
0.285232 0.500000 0.997984
0.287234 0.500000 0.998493
0.289237 0.500000 0.998929
0.291239 0.500000 0.999290
0.293242 0.500000 0.999577
0.295244 0.500000 0.999791
0.297247 0.500000 0.999930
0.299249 0.500000 0.999995
0.301252 0.500000 0.999986
0.303254 0.500000 0.999902
0.305257 0.500000 0.999744
0.307259 0.500000 0.999513
0.309262 0.500000 0.999207
0.311264 0.500000 0.998827
0.313267 0.500000 0.998373
0.315269 0.500000 0.997845
0.317272 0.500000 0.997244
0.319274 0.500000 0.996569
0.321277 0.500000 0.995821
0.323279 0.500000 0.995000
0.325282 0.500000 0.994105
0.327284 0.500000 0.993138
0.329287 0.500000 0.992099
0.331289 0.500000 0.990987
0.333292 0.500000 0.989803
0.335294 0.500000 0.988548
0.337297 0.500000 0.987221
0.339299 0.500000 0.985823
0.341302 0.500000 0.984354
0.343304 0.500000 0.982815
0.345307 0.500000 0.981207
0.347309 0.500000 0.979528
0.349312 0.500000 0.977780
0.351314 0.500000 0.975964
0.353317 0.500000 0.974080
0.355319 0.500000 0.972127
0.357322 0.500000 0.970108
0.359324 0.500000 0.968021
0.361327 0.500000 0.965868
0.363329 0.500000 0.963650
0.365332 0.500000 0.961366
0.367334 0.500000 0.959018
0.369337 0.500000 0.956605
0.371339 0.500000 0.954129
0.373342 0.500000 0.951590
0.375344 0.500000 0.948989
0.377347 0.500000 0.946327
0.379349 0.500000 0.943603
0.381352 0.500000 0.940819
0.383354 0.500000 0.937976
0.385357 0.500000 0.935074
0.387359 0.500000 0.932113
0.389362 0.500000 0.929096
0.391364 0.500000 0.926021
0.393367 0.500000 0.922891
0.395369 0.500000 0.919705
0.397372 0.500000 0.916465
0.399374 0.500000 0.913172
0.401377 0.500000 0.909826
0.403379 0.500000 0.906428
0.405382 0.500000 0.902979
0.407384 0.500000 0.899480
0.409387 0.500000 0.895931
0.411389 0.500000 0.892334
0.413392 0.500000 0.888689
0.415394 0.500000 0.884998
0.417397 0.500000 0.881261
0.419399 0.500000 0.877479
0.421402 0.500000 0.873653
0.423404 0.500000 0.869784
0.425407 0.500000 0.865873
0.427409 0.500000 0.861922
0.429412 0.500000 0.857930
0.431414 0.500000 0.853899
0.433417 0.500000 0.849830
0.435419 0.500000 0.845724
0.437422 0.500000 0.841582
0.439424 0.500000 0.837404
0.441427 0.500000 0.833193
0.443429 0.500000 0.828949
0.445432 0.500000 0.824673
0.447434 0.500000 0.820366
0.449437 0.500000 0.816030
0.451439 0.500000 0.811665
0.453442 0.500000 0.807272
0.455444 0.500000 0.802852
0.457447 0.500000 0.798407
0.459449 0.500000 0.793938
0.461452 0.500000 0.789446
0.463454 0.500000 0.784931
0.465457 0.500000 0.780396
0.467459 0.500000 0.775840
0.469462 0.500000 0.771266
0.471464 0.500000 0.766674
0.473467 0.500000 0.762066
0.475469 0.500000 0.757442
0.477472 0.500000 0.752804
0.479474 0.500000 0.748153
0.481477 0.500000 0.743490
0.483479 0.500000 0.738817
0.485482 0.500000 0.734134
0.487484 0.500000 0.729442
0.489487 0.500000 0.724743
0.491489 0.500000 0.720038
0.493492 0.500000 0.715328
0.495494 0.500000 0.710614
0.497497 0.500000 0.705897
0.499499 0.500000 0.701180
0.501502 0.500000 0.696461
0.503504 0.500000 0.691744
0.505507 0.500000 0.687029
0.507509 0.500000 0.682317
0.509512 0.500000 0.677609
0.511514 0.500000 0.672907
0.513517 0.500000 0.668211
0.515519 0.500000 0.663524
0.517522 0.500000 0.658845
0.519524 0.500000 0.654177
0.521527 0.500000 0.649520
0.523529 0.500000 0.644875
0.525532 0.500000 0.640244
0.527534 0.500000 0.635628
0.529537 0.500000 0.631028
0.531539 0.500000 0.626445
0.533542 0.500000 0.621880
0.535544 0.500000 0.617334
0.537547 0.500000 0.612809
0.539549 0.500000 0.608305
0.541552 0.500000 0.603824
0.543554 0.500000 0.599367
0.545557 0.500000 0.594935
0.547559 0.500000 0.590528
0.549562 0.500000 0.586149
0.551564 0.500000 0.581798
0.553567 0.500000 0.577476
0.555569 0.500000 0.573185
0.557572 0.500000 0.568925
0.559574 0.500000 0.564697
0.561577 0.500000 0.560503
0.563579 0.500000 0.556343
0.565582 0.500000 0.552219
0.567584 0.500000 0.548131
0.569587 0.500000 0.544081
0.571589 0.500000 0.540069
0.573592 0.500000 0.536098
0.575594 0.500000 0.532166
0.577597 0.500000 0.528276
0.579599 0.500000 0.524429
0.581602 0.500000 0.520625
0.583605 0.500000 0.516865
0.585607 0.500000 0.513151
0.587610 0.500000 0.509483
0.589612 0.500000 0.505862
0.591615 0.500000 0.502289
0.593617 0.500000 0.498765
0.595620 0.500000 0.495290
0.597622 0.500000 0.491867
0.599625 0.500000 0.488494
0.601627 0.500000 0.485175
0.603630 0.500000 0.481908
0.605632 0.500000 0.478695
0.607635 0.500000 0.475537
0.609637 0.500000 0.472435
0.611640 0.500000 0.469388
0.613642 0.500000 0.466399
0.615645 0.500000 0.463468
0.617647 0.500000 0.460595
0.619650 0.500000 0.457781
0.621652 0.500000 0.455027
0.623655 0.500000 0.452334
0.625657 0.500000 0.449702
0.627660 0.500000 0.447132
0.629662 0.500000 0.444625
0.631665 0.500000 0.442181
0.633667 0.500000 0.439800
0.635670 0.500000 0.437484
0.637672 0.500000 0.435233
0.639675 0.500000 0.433047
0.641677 0.500000 0.430927
0.643680 0.500000 0.428874
0.645682 0.500000 0.426888
0.647685 0.500000 0.424970
0.649687 0.500000 0.423119
0.651690 0.500000 0.421337
0.653692 0.500000 0.419624
0.655695 0.500000 0.417980
0.657697 0.500000 0.416406
0.659700 0.500000 0.414903
0.661702 0.500000 0.413469
0.663705 0.500000 0.412107
0.665707 0.500000 0.410816
0.667710 0.500000 0.409596
0.669712 0.500000 0.408448
0.671715 0.500000 0.407372
0.673717 0.500000 0.406369
0.675720 0.500000 0.405438
0.677722 0.500000 0.404580
0.679725 0.500000 0.403796
0.681727 0.500000 0.403084
0.683730 0.500000 0.402446
0.685732 0.500000 0.401882
0.687735 0.500000 0.401391
0.689737 0.500000 0.400974
0.691740 0.500000 0.400631
0.693742 0.500000 0.400362
0.695745 0.500000 0.400168
0.697747 0.500000 0.400047
0.699750 0.500000 0.400001
0.701752 0.500000 0.400028
0.703755 0.500000 0.400130
0.705757 0.500000 0.400307
0.707760 0.500000 0.400557
0.709762 0.500000 0.400881
0.711765 0.500000 0.401280
0.713767 0.500000 0.401752
0.715770 0.500000 0.402298
0.717772 0.500000 0.402918
0.719775 0.500000 0.403611
0.721777 0.500000 0.404377
0.723780 0.500000 0.405217
0.725782 0.500000 0.406130
0.727785 0.500000 0.407115
0.729787 0.500000 0.408172
0.731790 0.500000 0.409302
0.733792 0.500000 0.410504
0.735795 0.500000 0.411777
0.737797 0.500000 0.413122
0.739800 0.500000 0.414538
0.741802 0.500000 0.416024
0.743805 0.500000 0.417580
0.745807 0.500000 0.419207
0.747810 0.500000 0.420902
0.749812 0.500000 0.422667
0.751815 0.500000 0.424501
0.753817 0.500000 0.426402
0.755820 0.500000 0.428371
0.757822 0.500000 0.430408
0.759825 0.500000 0.432511
0.761827 0.500000 0.434680
0.763830 0.500000 0.436915
0.765832 0.500000 0.439215
0.767835 0.500000 0.441579
0.769837 0.500000 0.444008
0.771840 0.500000 0.446500
0.773842 0.500000 0.449054
0.775845 0.500000 0.451670
0.777847 0.500000 0.454348
0.779850 0.500000 0.457087
0.781852 0.500000 0.459886
0.783855 0.500000 0.462744
0.785857 0.500000 0.465661
0.787860 0.500000 0.468636
0.789862 0.500000 0.471668
0.791865 0.500000 0.474756
0.793867 0.500000 0.477900
0.795870 0.500000 0.481100
0.797872 0.500000 0.484353
0.799875 0.500000 0.487660
0.801877 0.500000 0.491019
0.803880 0.500000 0.494430
0.805882 0.500000 0.497891
0.807885 0.500000 0.501403
0.809887 0.500000 0.504964
0.811890 0.500000 0.508573
0.813892 0.500000 0.512229
0.815895 0.500000 0.515932
0.817897 0.500000 0.519681
0.819900 0.500000 0.523474
0.821902 0.500000 0.527310
0.823905 0.500000 0.531190
0.825907 0.500000 0.535111
0.827910 0.500000 0.539073
0.829912 0.500000 0.543074
0.831915 0.500000 0.547115
0.833917 0.500000 0.551193
0.835920 0.500000 0.555309
0.837922 0.500000 0.559459
0.839925 0.500000 0.563645
0.841927 0.500000 0.567865
0.843930 0.500000 0.572117
0.845932 0.500000 0.576401
0.847935 0.500000 0.580715
0.849937 0.500000 0.585059
0.851940 0.500000 0.589431
0.853942 0.500000 0.593831
0.855945 0.500000 0.598257
0.857947 0.500000 0.602708
0.859950 0.500000 0.607183
0.861952 0.500000 0.611681
0.863955 0.500000 0.616201
0.865957 0.500000 0.620741
0.867960 0.500000 0.625302
0.869962 0.500000 0.629880
0.871965 0.500000 0.634476
0.873967 0.500000 0.639089
0.875970 0.500000 0.643716
0.877972 0.500000 0.648357
0.879975 0.500000 0.653011
0.881977 0.500000 0.657677
0.883980 0.500000 0.662353
0.885982 0.500000 0.667039
0.887985 0.500000 0.671732
0.889987 0.500000 0.676433
0.891990 0.500000 0.681139
0.893992 0.500000 0.685850
0.895995 0.500000 0.690565
0.897997 0.500000 0.695282
0.900000 0.500000 0.700000
