2411.290438 0.000000 0.000000 0.000000
2506.870467 0.000000 0.000000 0.000000
2507.022094 0.000000 0.000000 0.000000
2507.173508 0.000000 0.000000 0.000000
2507.325275 0.000000 0.000000 0.000000
2507.476826 0.000000 0.000000 0.000000
2507.628270 0.000000 0.000000 0.000000
2507.779929 0.000000 0.000000 0.000000
2507.931586 0.000000 0.000000 0.000000
2508.083799 0.000000 0.000000 0.000000
2508.235397 0.000000 0.000000 0.000000
2508.387153 0.000000 0.000000 0.000000
2508.539063 0.000000 0.000000 0.000000
2508.690588 0.000000 0.000000 0.000000
2508.842171 0.000000 0.000000 0.000000
2508.993796 0.000000 0.000000 0.000000
2509.145518 0.000000 0.000000 0.000000
2509.296920 0.000000 0.000000 0.000000
2509.448623 0.000000 0.000000 0.000000
2509.600278 0.000000 0.000000 0.000000
2509.751898 0.000000 0.000000 0.000000
2509.903586 0.000000 0.000000 0.000000
2510.055277 0.000000 0.000000 0.000000
2510.206693 0.000000 0.000000 0.000000
2510.358165 0.000000 0.000000 0.000000
2510.509738 0.000000 0.000000 0.000000
2510.661277 0.000000 0.000000 0.000000
2510.812765 0.000000 0.000000 0.000000
2510.964387 0.000000 0.000000 0.000000
2511.115853 0.000000 0.000000 0.000000
2511.267304 0.000000 0.000000 0.000000
2511.418808 0.000000 0.000000 0.000000
2511.570597 0.000000 0.000000 0.000000
2511.722231 0.000000 0.000000 0.000000
2511.873844 0.000000 0.000000 0.000000
2512.025278 0.000000 0.000000 0.000000
2512.176858 0.000000 0.000000 0.000000
2512.328482 0.000000 0.000000 0.000000
2512.480026 0.000000 0.000000 0.000000
2512.631695 0.000000 0.000000 0.000000
2512.783341 0.000000 0.000000 0.000000
2512.934987 0.000000 0.000000 0.000000
2513.086521 0.000000 0.000000 0.000000
2513.238082 0.000000 0.000000 0.000000
2513.389623 0.000000 0.000000 0.000000
2513.541339 0.000000 0.000000 0.000000
2513.692799 0.000000 0.000000 0.000000
2513.844567 0.000000 0.000000 0.000000
2513.996016 0.000000 0.000000 0.000000
